CODE,AREA_HA,PROPORTION
1,2.8,0.00033682589709968747
2,5.68,0.0006832753912593661
3,4.0600000000000005,0.0004883975507945469
4,1.18,0.0001419480566348683
5,4.6,0.0005533568309494866
6,7.57,0.0009106328718016552
7,1.27,0.00015277460332735826
8,1.72,0.00020690733678980803
9,1.09,0.00013112150994237836
10,1.54,0.00018525424340482812
11,1.18,0.0001419480566348683
12,1.54,0.00018525424340482812
13,2.26,0.00027186661694474773
14,1.81,0.000217733883482298
15,3.61,0.0004342648173320971
16,13.33,0.0016035318601210122
17,1.3599999999999999,0.0001636011500198482
18,1.45,0.00017442769671233816
20,1.09,0.00013112150994237836
22,1.9,0.00022856043017478793
23,4.779999999999999,0.0005750099243344664
24,1.63,0.00019608079009731806
25,1.09,0.00013112150994237836
26,1.3599999999999999,0.0001636011500198482
27,46.18,0.005555221402879846
28,1.27,0.00015277460332735826
29,1.18,0.0001419480566348683
30,1.81,0.000217733883482298
32,3.79,0.000455917910717077
33,7.84,0.000943112511879125
34,1.18,0.0001419480566348683
35,1.09,0.00013112150994237836
38,17.47,0.00210155300797555
39,1.81,0.000217733883482298
41,1.45,0.00017442769671233816
42,1.45,0.00017442769671233816
43,1.27,0.00015277460332735826
45,1.09,0.00013112150994237836
46,1.45,0.00017442769671233816
47,2.08,0.00025021352355976786
48,1.54,0.00018525424340482812
50,1.3599999999999999,0.0001636011500198482
52,1.54,0.00018525424340482812
53,50.41,0.006064069097426873
59,1.63,0.00019608079009731806
60,9.82,0.001181296539113904
61,14.77,0.0017767566072008514
62,2.08,0.00025021352355976786
65,9.19,0.0011055107122664742
66,1.81,0.000217733883482298
67,1.18,0.0001419480566348683
71,4.6899999999999995,0.0005641833776419765
72,16.75,0.0020149406344356306
74,1.18,0.0001419480566348683
76,6.4,0.0007698877647992858
77,1.18,0.0001419480566348683
78,20.08,0.0024155228620577588
79,1.27,0.00015277460332735826
80,2.26,0.00027186661694474773
81,8.379999999999999,0.0010080717920340646
82,4.24,0.0005100506441795268
84,9.46,0.0011379903523439444
85,31.33,0.003768841198619003
86,2.8,0.00033682589709968747
87,3.88,0.00046674445740956693
88,3.79,0.000455917910717077
91,3.61,0.0004342648173320971
92,22.33,0.0026861865293700076
93,8.74,0.0010513779788040246
94,1.63,0.00019608079009731806
96,8.29,0.0009972452453415746
99,1.63,0.00019608079009731806
100,1.18,0.0001419480566348683
101,1.18,0.0001419480566348683
106,1.72,0.00020690733678980803
107,1.72,0.00020690733678980803
111,1.3599999999999999,0.0001636011500198482
113,18.28,0.00219899192820796
114,1.3599999999999999,0.0001636011500198482
115,1.18,0.0001419480566348683
116,10.36,0.0012462558192688437
121,1.09,0.00013112150994237836
122,15.85,0.001906675167510731
123,1.3599999999999999,0.0001636011500198482
124,5.23,0.0006291426577969163
125,1.09,0.00013112150994237836
126,13.96,0.001679317686968442
128,2.08,0.00025021352355976786
129,2.08,0.00025021352355976786
130,1.54,0.00018525424340482812
131,1.54,0.00018525424340482812
132,7.03,0.0008456735916467154
135,1.09,0.00013112150994237836
137,1.18,0.0001419480566348683
138,1.45,0.00017442769671233816
139,2.62,0.0003151728037147076
140,2.62,0.0003151728037147076
141,1.63,0.00019608079009731806
142,7.57,0.0009106328718016552
143,1.09,0.00013112150994237836
144,1.72,0.00020690733678980803
147,1.09,0.00013112150994237836
148,2.44,0.00029351971032972766
150,12.52,0.0015060929398886026
151,1.18,0.0001419480566348683
152,5.41,0.0006507957511818962
153,1.45,0.00017442769671233816
154,1.09,0.00013112150994237836
155,1.72,0.00020690733678980803
157,1.09,0.00013112150994237836
158,1.45,0.00017442769671233816
159,8.559999999999999,0.0010297248854190444
160,1.09,0.00013112150994237836
162,1.9,0.00022856043017478793
163,2.26,0.00027186661694474773
164,1.54,0.00018525424340482812
165,1.99,0.0002393869768672779
166,1.18,0.0001419480566348683
167,1.18,0.0001419480566348683
168,1.18,0.0001419480566348683
169,1.3599999999999999,0.0001636011500198482
170,9.64,0.0011596434457289242
171,1.54,0.00018525424340482812
172,7.3,0.0008781532317241852
173,1.63,0.00019608079009731806
174,1.54,0.00018525424340482812
175,1.45,0.00017442769671233816
176,1.09,0.00013112150994237836
177,2.08,0.00025021352355976786
178,1.45,0.00017442769671233816
179,1.45,0.00017442769671233816
180,1.18,0.0001419480566348683
181,4.87,0.0005858364710269564
182,1.3599999999999999,0.0001636011500198482
183,1.27,0.00015277460332735826
184,1.09,0.00013112150994237836
185,4.0600000000000005,0.0004883975507945469
186,6.94,0.0008348470449542255
187,1.54,0.00018525424340482812
188,8.83,0.0010622045254965145
189,1.54,0.00018525424340482812
191,15.58,0.001874195527433261
192,1.63,0.00019608079009731806
193,4.42,0.0005317037375645067
194,3.25,0.0003909586305621373
195,1.9,0.00022856043017478793
196,1.72,0.00020690733678980803
197,4.6899999999999995,0.0005641833776419765
198,1.18,0.0001419480566348683
200,1.54,0.00018525424340482812
201,1.72,0.00020690733678980803
202,1.72,0.00020690733678980803
203,1.3599999999999999,0.0001636011500198482
204,1.9,0.00022856043017478793
205,1.27,0.00015277460332735826
206,1.3599999999999999,0.0001636011500198482
207,1.09,0.00013112150994237836
208,5.95,0.0007157550313368359
209,1.54,0.00018525424340482812
210,1.54,0.00018525424340482812
211,9.55,0.0011488168990364343
212,1.27,0.00015277460332735826
214,1.9,0.00022856043017478793
215,2.17,0.0002610400702522578
217,1.45,0.00017442769671233816
218,2.8899999999999997,0.00034765244379217743
219,3.88,0.00046674445740956693
220,1.3599999999999999,0.0001636011500198482
221,1.45,0.00017442769671233816
222,15.04,0.0018092362472783214
223,6.13,0.0007374081247218158
225,1.72,0.00020690733678980803
226,1.3599999999999999,0.0001636011500198482
227,2.71,0.00032599935040719755
228,1.9,0.00022856043017478793
229,1.3599999999999999,0.0001636011500198482
230,3.79,0.000455917910717077
231,1.18,0.0001419480566348683
232,2.8899999999999997,0.00034765244379217743
233,3.7,0.00044509136402458706
234,1.09,0.00013112150994237836
235,1.63,0.00019608079009731806
236,1.09,0.00013112150994237836
237,1.3599999999999999,0.0001636011500198482
239,1.63,0.00019608079009731806
240,1.54,0.00018525424340482812
241,1.3599999999999999,0.0001636011500198482
242,1.09,0.00013112150994237836
243,1.09,0.00013112150994237836
244,4.33,0.0005208771908720168
245,2.44,0.00029351971032972766
246,3.34,0.0004017851772546272
247,2.08,0.00025021352355976786
248,1.09,0.00013112150994237836
249,1.45,0.00017442769671233816
250,1.45,0.00017442769671233816
251,1.09,0.00013112150994237836
252,11.17,0.0013436947395012533
253,2.62,0.0003151728037147076
254,3.7,0.00044509136402458706
255,1.63,0.00019608079009731806
256,2.26,0.00027186661694474773
257,1.27,0.00015277460332735826
259,1.18,0.0001419480566348683
260,1.54,0.00018525424340482812
261,8.92,0.0010730310721890045
262,4.96,0.0005966630177194465
264,1.18,0.0001419480566348683
265,1.18,0.0001419480566348683
266,2.62,0.0003151728037147076
267,1.09,0.00013112150994237836
268,1.99,0.0002393869768672779
269,1.45,0.00017442769671233816
270,1.27,0.00015277460332735826
271,1.63,0.00019608079009731806
272,1.63,0.00019608079009731806
273,12.25,0.0014736132998111329
274,1.18,0.0001419480566348683
275,1.3599999999999999,0.0001636011500198482
277,1.09,0.00013112150994237836
278,1.54,0.00018525424340482812
279,1.09,0.00013112150994237836
280,1.09,0.00013112150994237836
281,1.54,0.00018525424340482812
282,2.8899999999999997,0.00034765244379217743
283,1.99,0.0002393869768672779
284,1.09,0.00013112150994237836
285,1.18,0.0001419480566348683
286,9.64,0.0011596434457289242
287,22.24,0.0026753599826775175
288,1.27,0.00015277460332735826
289,1.72,0.00020690733678980803
290,1.18,0.0001419480566348683
291,1.09,0.00013112150994237836
292,2.08,0.00025021352355976786
293,1.09,0.00013112150994237836
294,2.44,0.00029351971032972766
295,1.18,0.0001419480566348683
296,1.27,0.00015277460332735826
298,1.9,0.00022856043017478793
299,1.09,0.00013112150994237836
301,2.08,0.00025021352355976786
302,1.72,0.00020690733678980803
303,2.35,0.00028269316363723775
304,4.15,0.0004992240974870368
305,1.99,0.0002393869768672779
306,1.81,0.000217733883482298
309,1.3599999999999999,0.0001636011500198482
310,1.27,0.00015277460332735826
311,3.25,0.0003909586305621373
312,1.09,0.00013112150994237836
313,1.27,0.00015277460332735826
315,17.56,0.00211237955466804
317,1.09,0.00013112150994237836
318,1.18,0.0001419480566348683
319,1.18,0.0001419480566348683
321,5.05,0.0006074895644119364
323,1.27,0.00015277460332735826
325,1.45,0.00017442769671233816
329,1.09,0.00013112150994237836
330,1.45,0.00017442769671233816
331,1.99,0.0002393869768672779
334,1.54,0.00018525424340482812
336,2.8,0.00033682589709968747
337,1.45,0.00017442769671233816
340,1.45,0.00017442769671233816
345,1.09,0.00013112150994237836
346,1.3599999999999999,0.0001636011500198482
347,1.54,0.00018525424340482812
349,17.11,0.00205824682120559
350,1.3599999999999999,0.0001636011500198482
351,1.63,0.00019608079009731806
354,1.18,0.0001419480566348683
357,12.7,0.0015277460332735824
358,15.04,0.0018092362472783214
359,34.75,0.004180249972933621
360,6.4,0.0007698877647992858
361,2.08,0.00025021352355976786
362,2.44,0.00029351971032972766
367,1.45,0.00017442769671233816
368,1.3599999999999999,0.0001636011500198482
369,1.27,0.00015277460332735826
370,5.41,0.0006507957511818962
371,2.17,0.0002610400702522578
372,3.43,0.0004126117239471172
373,1.18,0.0001419480566348683
374,1.3599999999999999,0.0001636011500198482
375,2.98,0.0003584789904846674
376,2.98,0.0003584789904846674
377,1.3599999999999999,0.0001636011500198482
379,1.63,0.00019608079009731806
380,1.18,0.0001419480566348683
381,1.72,0.00020690733678980803
383,1.18,0.0001419480566348683
384,1.18,0.0001419480566348683
386,1.3599999999999999,0.0001636011500198482
387,5.32,0.0006399692044894063
388,46.54,0.005598527589649805
390,1.3599999999999999,0.0001636011500198482
391,2.62,0.0003151728037147076
392,4.24,0.0005100506441795268
394,1.45,0.00017442769671233816
395,1.45,0.00017442769671233816
396,1.09,0.00013112150994237836
397,1.3599999999999999,0.0001636011500198482
398,2.44,0.00029351971032972766
399,1.45,0.00017442769671233816
402,1.45,0.00017442769671233816
403,1.09,0.00013112150994237836
404,5.23,0.0006291426577969163
405,2.5300000000000002,0.0003043462570222177
406,7.93,0.0009539390585716149
407,1.54,0.00018525424340482812
408,1.72,0.00020690733678980803
409,30.79,0.0037038819184640635
410,1.18,0.0001419480566348683
411,1.9,0.00022856043017478793
412,1.54,0.00018525424340482812
413,1.45,0.00017442769671233816
415,69.13,0.008315990809464784
416,1.18,0.0001419480566348683
417,1.45,0.00017442769671233816
418,1.3599999999999999,0.0001636011500198482
423,1.18,0.0001419480566348683
424,2.62,0.0003151728037147076
425,1.81,0.000217733883482298
426,2.08,0.00025021352355976786
428,2.5300000000000002,0.0003043462570222177
431,1.09,0.00013112150994237836
432,13.51,0.001625184953505992
433,1.45,0.00017442769671233816
434,1.3599999999999999,0.0001636011500198482
435,1.09,0.00013112150994237836
436,4.96,0.0005966630177194465
437,4.33,0.0005208771908720168
438,1.81,0.000217733883482298
439,1.18,0.0001419480566348683
440,1.54,0.00018525424340482812
442,1.9,0.00022856043017478793
443,1.18,0.0001419480566348683
444,7.75,0.000932285965186635
445,2.8,0.00033682589709968747
446,1.09,0.00013112150994237836
447,1.09,0.00013112150994237836
448,1.99,0.0002393869768672779
449,1.27,0.00015277460332735826
450,31.15,0.003747188105234023
451,1.45,0.00017442769671233816
453,1.63,0.00019608079009731806
454,7.84,0.000943112511879125
455,1.81,0.000217733883482298
456,6.4,0.0007698877647992858
457,1.45,0.00017442769671233816
458,1.18,0.0001419480566348683
459,5.32,0.0006399692044894063
460,1.09,0.00013112150994237836
461,1.18,0.0001419480566348683
462,1.45,0.00017442769671233816
463,1.63,0.00019608079009731806
464,2.5300000000000002,0.0003043462570222177
465,1.54,0.00018525424340482812
466,2.8,0.00033682589709968747
467,1.45,0.00017442769671233816
468,51.04,0.006139854924274303
469,1.09,0.00013112150994237836
470,1.99,0.0002393869768672779
471,3.52,0.0004234382706396071
472,1.9,0.00022856043017478793
475,1.18,0.0001419480566348683
476,3.88,0.00046674445740956693
477,1.18,0.0001419480566348683
478,1.09,0.00013112150994237836
479,9.46,0.0011379903523439444
480,1.09,0.00013112150994237836
481,1.3599999999999999,0.0001636011500198482
482,4.96,0.0005966630177194465
483,3.43,0.0004126117239471172
484,1.72,0.00020690733678980803
486,1.54,0.00018525424340482812
487,1.81,0.000217733883482298
488,1.09,0.00013112150994237836
489,1.54,0.00018525424340482812
490,1.3599999999999999,0.0001636011500198482
491,1.27,0.00015277460332735826
492,1.9,0.00022856043017478793
493,8.2,0.0009864186986490847
495,3.97,0.00047757100410205695
496,3.25,0.0003909586305621373
498,2.08,0.00025021352355976786
502,4.33,0.0005208771908720168
503,2.71,0.00032599935040719755
504,1.09,0.00013112150994237836
506,1.09,0.00013112150994237836
507,9.37,0.0011271638056514542
508,3.52,0.0004234382706396071
509,39.79,0.004786536587713059
510,1.63,0.00019608079009731806
511,1.18,0.0001419480566348683
512,1.45,0.00017442769671233816
513,1.09,0.00013112150994237836
514,1.27,0.00015277460332735826
516,1.63,0.00019608079009731806
517,3.07,0.00036930553717715736
518,4.779999999999999,0.0005750099243344664
519,5.86,0.000704928484644346
521,1.09,0.00013112150994237836
522,3.97,0.00047757100410205695
524,8.2,0.0009864186986490847
525,1.81,0.000217733883482298
526,1.09,0.00013112150994237836
527,5.32,0.0006399692044894063
528,9.82,0.001181296539113904
529,1.3599999999999999,0.0001636011500198482
530,14.95,0.0017984097005858313
531,1.45,0.00017442769671233816
532,3.43,0.0004126117239471172
533,1.09,0.00013112150994237836
534,1.45,0.00017442769671233816
535,1.09,0.00013112150994237836
536,3.43,0.0004126117239471172
537,2.17,0.0002610400702522578
539,2.35,0.00028269316363723775
540,3.25,0.0003909586305621373
541,1.18,0.0001419480566348683
543,2.8899999999999997,0.00034765244379217743
544,2.17,0.0002610400702522578
545,2.35,0.00028269316363723775
546,3.25,0.0003909586305621373
547,1.18,0.0001419480566348683
548,1.81,0.000217733883482298
551,1.09,0.00013112150994237836
552,1.81,0.000217733883482298
553,1.99,0.0002393869768672779
555,1.18,0.0001419480566348683
556,1.3599999999999999,0.0001636011500198482
557,1.27,0.00015277460332735826
558,4.6899999999999995,0.0005641833776419765
559,1.3599999999999999,0.0001636011500198482
560,1.09,0.00013112150994237836
562,1.18,0.0001419480566348683
564,8.65,0.0010405514321115347
565,1.99,0.0002393869768672779
566,1.45,0.00017442769671233816
567,3.34,0.0004017851772546272
568,1.45,0.00017442769671233816
570,1.3599999999999999,0.0001636011500198482
572,1.54,0.00018525424340482812
573,1.54,0.00018525424340482812
575,1.9,0.00022856043017478793
577,1.18,0.0001419480566348683
579,3.52,0.0004234382706396071
582,4.779999999999999,0.0005750099243344664
583,1.09,0.00013112150994237836
584,1.18,0.0001419480566348683
585,1.45,0.00017442769671233816
587,2.17,0.0002610400702522578
589,21.7,0.002610400702522578
591,4.42,0.0005317037375645067
592,11.71,0.0014086540196561932
593,1.63,0.00019608079009731806
594,1.3599999999999999,0.0001636011500198482
595,7.84,0.000943112511879125
597,2.26,0.00027186661694474773
598,1.27,0.00015277460332735826
599,2.35,0.00028269316363723775
600,1.09,0.00013112150994237836
601,1.99,0.0002393869768672779
604,1.45,0.00017442769671233816
605,3.7,0.00044509136402458706
606,1.81,0.000217733883482298
607,1.45,0.00017442769671233816
608,1.9,0.00022856043017478793
609,1.09,0.00013112150994237836
610,1.09,0.00013112150994237836
611,1.54,0.00018525424340482812
612,5.86,0.000704928484644346
616,6.85,0.0008240204982617354
617,1.09,0.00013112150994237836
618,2.08,0.00025021352355976786
620,1.54,0.00018525424340482812
621,15.31,0.0018417158873557913
622,1.09,0.00013112150994237836
623,1.45,0.00017442769671233816
624,1.45,0.00017442769671233816
625,1.81,0.000217733883482298
627,2.08,0.00025021352355976786
628,6.49,0.0007807143114917757
629,3.34,0.0004017851772546272
630,6.85,0.0008240204982617354
631,2.8899999999999997,0.00034765244379217743
632,1.81,0.000217733883482298
633,1.54,0.00018525424340482812
634,60.85,0.007319948513755709
635,8.92,0.0010730310721890045
637,1.99,0.0002393869768672779
638,19.27,0.0023180839418253493
639,1.9,0.00022856043017478793
641,1.09,0.00013112150994237836
642,1.27,0.00015277460332735826
643,3.61,0.0004342648173320971
644,1.3599999999999999,0.0001636011500198482
645,2.71,0.00032599935040719755
646,1.09,0.00013112150994237836
648,2.44,0.00029351971032972766
649,1.54,0.00018525424340482812
651,1.09,0.00013112150994237836
652,1.09,0.00013112150994237836
653,1.09,0.00013112150994237836
654,37.63,0.0045266994670933
655,3.88,0.00046674445740956693
656,1.27,0.00015277460332735826
657,1.3599999999999999,0.0001636011500198482
658,1.54,0.00018525424340482812
659,1.63,0.00019608079009731806
660,1.09,0.00013112150994237836
662,1.27,0.00015277460332735826
663,1.27,0.00015277460332735826
664,5.68,0.0006832753912593661
665,2.08,0.00025021352355976786
668,1.27,0.00015277460332735826
669,1.54,0.00018525424340482812
670,1.18,0.0001419480566348683
671,3.25,0.0003909586305621373
673,3.43,0.0004126117239471172
674,1.3599999999999999,0.0001636011500198482
675,1.63,0.00019608079009731806
676,1.9,0.00022856043017478793
678,2.17,0.0002610400702522578
679,1.09,0.00013112150994237836
680,1.45,0.00017442769671233816
681,12.07,0.0014519602064261528
682,1.9,0.00022856043017478793
684,1.3599999999999999,0.0001636011500198482
685,1.81,0.000217733883482298
686,1.27,0.00015277460332735826
687,1.27,0.00015277460332735826
688,1.27,0.00015277460332735826
689,75.7,0.009106328718016551
690,1.72,0.00020690733678980803
691,4.0600000000000005,0.0004883975507945469
692,2.62,0.0003151728037147076
695,44.83,0.0053928232024924964
696,3.88,0.00046674445740956693
697,361.45,0.04348061446667216
699,8.11,0.0009755921519565948
701,1.18,0.0001419480566348683
702,2.8899999999999997,0.00034765244379217743
703,1.09,0.00013112150994237836
705,4.0600000000000005,0.0004883975507945469
706,1.3599999999999999,0.0001636011500198482
707,1.09,0.00013112150994237836
708,68.05,0.008186072249154904
709,1.09,0.00013112150994237836
710,7.75,0.000932285965186635
712,4.96,0.0005966630177194465
713,11.53,0.0013870009262712132
714,1.09,0.00013112150994237836
715,14.68,0.0017659300605083615
716,2.17,0.0002610400702522578
717,1.09,0.00013112150994237836
718,1.9,0.00022856043017478793
719,10.09,0.001213776179191374
720,5.05,0.0006074895644119364
721,5.95,0.0007157550313368359
723,5.05,0.0006074895644119364
724,9.55,0.0011488168990364343
726,1.72,0.00020690733678980803
727,1.45,0.00017442769671233816
728,3.43,0.0004126117239471172
731,1.18,0.0001419480566348683
732,1.72,0.00020690733678980803
734,1.27,0.00015277460332735826
735,11.62,0.001397827472963703
736,1.45,0.00017442769671233816
737,5.68,0.0006832753912593661
738,1.09,0.00013112150994237836
740,2.71,0.00032599935040719755
741,1.09,0.00013112150994237836
742,1.09,0.00013112150994237836
743,2.98,0.0003584789904846674
744,1.09,0.00013112150994237836
745,39.43,0.004743230400943099
746,2.98,0.0003584789904846674
748,1.54,0.00018525424340482812
752,1.54,0.00018525424340482812
755,2.5300000000000002,0.0003043462570222177
756,7.3,0.0008781532317241852
757,4.0600000000000005,0.0004883975507945469
760,1.3599999999999999,0.0001636011500198482
761,1.3599999999999999,0.0001636011500198482
762,2.62,0.0003151728037147076
763,32.769999999999996,0.003942065945698842
765,1.63,0.00019608079009731806
766,1.09,0.00013112150994237836
767,1.09,0.00013112150994237836
768,1.99,0.0002393869768672779
769,1.09,0.00013112150994237836
770,2.35,0.00028269316363723775
773,1.27,0.00015277460332735826
774,1.72,0.00020690733678980803
775,1.27,0.00015277460332735826
777,1.27,0.00015277460332735826
779,1.81,0.000217733883482298
783,2.26,0.00027186661694474773
784,1.45,0.00017442769671233816
788,36.55,0.00439678090678342
789,2.8899999999999997,0.00034765244379217743
790,2.35,0.00028269316363723775
792,1.27,0.00015277460332735826
800,1.27,0.00015277460332735826
802,1.09,0.00013112150994237836
803,1.09,0.00013112150994237836
807,2.17,0.0002610400702522578
808,1.3599999999999999,0.0001636011500198482
810,1.09,0.00013112150994237836
815,2.5300000000000002,0.0003043462570222177
816,4.87,0.0005858364710269564
817,1.99,0.0002393869768672779
818,9.73,0.001170469992421414
819,3.16,0.0003801320838696473
820,5.14,0.0006183161111044263
821,1.45,0.00017442769671233816
823,14.23,0.0017117973270459118
827,3.97,0.00047757100410205695
828,1.3599999999999999,0.0001636011500198482
829,1.3599999999999999,0.0001636011500198482
831,1.3599999999999999,0.0001636011500198482
832,1.3599999999999999,0.0001636011500198482
833,1.54,0.00018525424340482812
834,2.17,0.0002610400702522578
837,1.27,0.00015277460332735826
838,5.14,0.0006183161111044263
839,2.08,0.00025021352355976786
844,1.18,0.0001419480566348683
845,1.45,0.00017442769671233816
847,1.72,0.00020690733678980803
849,1.09,0.00013112150994237836
850,1.45,0.00017442769671233816
852,83.44,0.010037411733570686
854,3.43,0.0004126117239471172
855,2.08,0.00025021352355976786
856,1.09,0.00013112150994237836
857,2.44,0.00029351971032972766
861,1.18,0.0001419480566348683
862,1.54,0.00018525424340482812
865,1.09,0.00013112150994237836
866,1.3599999999999999,0.0001636011500198482
867,1.09,0.00013112150994237836
868,3.25,0.0003909586305621373
870,1.27,0.00015277460332735826
873,1.3599999999999999,0.0001636011500198482
874,1.72,0.00020690733678980803
875,1.3599999999999999,0.0001636011500198482
876,1.18,0.0001419480566348683
877,1.09,0.00013112150994237836
879,8.11,0.0009755921519565948
880,1.09,0.00013112150994237836
882,1.27,0.00015277460332735826
884,1.45,0.00017442769671233816
885,2.17,0.0002610400702522578
886,10.27,0.0012354292725763538
887,1.27,0.00015277460332735826
889,1.54,0.00018525424340482812
892,1.09,0.00013112150994237836
893,6.85,0.0008240204982617354
894,7.21,0.0008673266850316953
895,3.61,0.0004342648173320971
899,1.54,0.00018525424340482812
901,1.63,0.00019608079009731806
902,1.09,0.00013112150994237836
905,2.44,0.00029351971032972766
906,2.08,0.00025021352355976786
907,1.45,0.00017442769671233816
908,1.45,0.00017442769671233816
911,4.24,0.0005100506441795268
912,3.97,0.00047757100410205695
914,2.8,0.00033682589709968747
915,1.09,0.00013112150994237836
918,1.27,0.00015277460332735826
921,1.3599999999999999,0.0001636011500198482
924,3.7,0.00044509136402458706
926,1.18,0.0001419480566348683
928,1.27,0.00015277460332735826
929,265.06,0.03188538295901542
930,1.45,0.00017442769671233816
931,2.26,0.00027186661694474773
933,1.09,0.00013112150994237836
934,1.81,0.000217733883482298
935,1.09,0.00013112150994237836
936,1.09,0.00013112150994237836
937,1.3599999999999999,0.0001636011500198482
938,1.09,0.00013112150994237836
941,1.09,0.00013112150994237836
944,1.09,0.00013112150994237836
947,2.08,0.00025021352355976786
949,3.07,0.00036930553717715736
951,1.09,0.00013112150994237836
952,1.09,0.00013112150994237836
953,1.09,0.00013112150994237836
954,1.09,0.00013112150994237836
958,2.35,0.00028269316363723775
959,3.25,0.0003909586305621373
960,1.3599999999999999,0.0001636011500198482
964,1.54,0.00018525424340482812
966,12.43,0.0014952663931961127
968,1.18,0.0001419480566348683
969,1.3599999999999999,0.0001636011500198482
974,2.17,0.0002610400702522578
975,2.62,0.0003151728037147076
982,70.12,0.008435082823082175
985,27.46,0.0033032996908419353
987,1.09,0.00013112150994237836
994,8.469999999999999,0.0010188983387265545
1000,1.45,0.00017442769671233816
1003,77.05,0.0092687269184039
1006,54.73,0.006583743338666391
1007,2.08,0.00025021352355976786
1008,1.45,0.00017442769671233816
1009,3.16,0.0003801320838696473
1010,1.18,0.0001419480566348683
1011,1.27,0.00015277460332735826
1012,1.27,0.00015277460332735826
1016,3.97,0.00047757100410205695
1017,2.44,0.00029351971032972766
1019,1.45,0.00017442769671233816
1024,50.95,0.006129028377581814
1026,1.3599999999999999,0.0001636011500198482
1030,1.18,0.0001419480566348683
1031,1.27,0.00015277460332735826
1034,1.45,0.00017442769671233816
1035,3.79,0.000455917910717077
1037,3.97,0.00047757100410205695
1038,1.45,0.00017442769671233816
1039,1.18,0.0001419480566348683
1041,1.63,0.00019608079009731806
1042,2.5300000000000002,0.0003043462570222177
1044,1.63,0.00019608079009731806
1045,4.51,0.0005425302842569966
1046,3.52,0.0004234382706396071
1053,1.09,0.00013112150994237836
1057,1.09,0.00013112150994237836
1059,1.09,0.00013112150994237836
1060,1.3599999999999999,0.0001636011500198482
1061,2.26,0.00027186661694474773
1062,96.67,0.01162891409736671
1063,1.09,0.00013112150994237836
1064,1.18,0.0001419480566348683
1065,1.09,0.00013112150994237836
1066,1.27,0.00015277460332735826
1069,1.3599999999999999,0.0001636011500198482
1070,8.65,0.0010405514321115347
1071,3.52,0.0004234382706396071
1073,1.09,0.00013112150994237836
1074,2.5300000000000002,0.0003043462570222177
1075,125.83,0.015136715225733456
1076,4.0600000000000005,0.0004883975507945469
1080,1.9,0.00022856043017478793
1081,3.52,0.0004234382706396071
1082,1.27,0.00015277460332735826
1084,2.5300000000000002,0.0003043462570222177
1087,1.63,0.00019608079009731806
1088,2.17,0.0002610400702522578
1090,4.96,0.0005966630177194465
1091,30.61,0.0036822288250790837
1092,2.26,0.00027186661694474773
1093,1.45,0.00017442769671233816
1097,7.12,0.0008565001383392054
1098,4.0600000000000005,0.0004883975507945469
1101,1.09,0.00013112150994237836
1102,1.3599999999999999,0.0001636011500198482
1104,1.3599999999999999,0.0001636011500198482
1105,1.45,0.00017442769671233816
1106,1.81,0.000217733883482298
1107,4.96,0.0005966630177194465
1108,1.09,0.00013112150994237836
1113,1.09,0.00013112150994237836
1114,8.11,0.0009755921519565948
1116,1.63,0.00019608079009731806
1119,1.54,0.00018525424340482812
1120,3.16,0.0003801320838696473
1121,1.54,0.00018525424340482812
1124,21.25,0.0025562679690601282
1125,27.73,0.0033357793309194052
1126,1.9,0.00022856043017478793
1130,1.09,0.00013112150994237836
1132,1.63,0.00019608079009731806
1133,1.54,0.00018525424340482812
1134,1.45,0.00017442769671233816
1135,3.79,0.000455917910717077
1136,1.09,0.00013112150994237836
1140,2.35,0.00028269316363723775
1144,1.63,0.00019608079009731806
1150,2.71,0.00032599935040719755
1151,1.09,0.00013112150994237836
1155,1.27,0.00015277460332735826
1156,1.18,0.0001419480566348683
1157,1.3599999999999999,0.0001636011500198482
1158,1.09,0.00013112150994237836
1161,1.9,0.00022856043017478793
1162,1.54,0.00018525424340482812
1163,1.27,0.00015277460332735826
1164,1.18,0.0001419480566348683
1166,1.09,0.00013112150994237836
1168,1.3599999999999999,0.0001636011500198482
1170,1.09,0.00013112150994237836
1171,1.3599999999999999,0.0001636011500198482
1172,3.79,0.000455917910717077
1174,1.09,0.00013112150994237836
1177,3.25,0.0003909586305621373
1178,1.45,0.00017442769671233816
1179,1.09,0.00013112150994237836
1181,1.27,0.00015277460332735826
1184,176.59,0.021242887560297793
1185,2.98,0.0003584789904846674
1186,2.8,0.00033682589709968747
1190,4.42,0.0005317037375645067
1191,1.3599999999999999,0.0001636011500198482
1194,2.17,0.0002610400702522578
1195,1.09,0.00013112150994237836
1198,1.18,0.0001419480566348683
1199,7.21,0.0008673266850316953
1202,1.99,0.0002393869768672779
1203,1.09,0.00013112150994237836
1204,1.18,0.0001419480566348683
1206,1.09,0.00013112150994237836
1207,1.54,0.00018525424340482812
1211,1.27,0.00015277460332735826
1212,1.09,0.00013112150994237836
1213,2.08,0.00025021352355976786
1214,1.18,0.0001419480566348683
1215,2.98,0.0003584789904846674
1216,1.45,0.00017442769671233816
1217,1.9,0.00022856043017478793
1218,2.44,0.00029351971032972766
1220,1.09,0.00013112150994237836
1221,4.96,0.0005966630177194465
1222,1.09,0.00013112150994237836
1223,1.45,0.00017442769671233816
1225,1.09,0.00013112150994237836
1226,1.54,0.00018525424340482812
1228,1.45,0.00017442769671233816
1229,1.54,0.00018525424340482812
1232,6.4,0.0007698877647992858
1233,4.24,0.0005100506441795268
1238,5.86,0.000704928484644346
1242,1.63,0.00019608079009731806
1246,1.54,0.00018525424340482812
1248,1.27,0.00015277460332735826
1249,1.09,0.00013112150994237836
1254,1.27,0.00015277460332735826
1255,1.72,0.00020690733678980803
1257,14.41,0.0017334504204308918
1258,2.08,0.00025021352355976786
1259,9.46,0.0011379903523439444
1260,1.9,0.00022856043017478793
1261,1.45,0.00017442769671233816
1266,1.27,0.00015277460332735826
1268,2.5300000000000002,0.0003043462570222177
1269,2.8,0.00033682589709968747
1270,66.16,0.007958714768612615
1271,1.18,0.0001419480566348683
1274,1.27,0.00015277460332735826
1275,12.16,0.0014627867531186427
1276,1.81,0.000217733883482298
1278,2.08,0.00025021352355976786
1279,1.3599999999999999,0.0001636011500198482
1280,1.72,0.00020690733678980803
1281,1.81,0.000217733883482298
1282,1.27,0.00015277460332735826
1283,1.3599999999999999,0.0001636011500198482
1284,1.09,0.00013112150994237836
1286,1.45,0.00017442769671233816
1287,28.9,0.0034765244379217743
1288,33.67,0.004050331412623742
1291,2.98,0.0003584789904846674
1292,1.09,0.00013112150994237836
1296,2.71,0.00032599935040719755
1300,1.27,0.00015277460332735826
1301,1.09,0.00013112150994237836
1307,1.54,0.00018525424340482812
1308,1.09,0.00013112150994237836
1311,1.27,0.00015277460332735826
1312,1.99,0.0002393869768672779
1315,3.52,0.0004234382706396071
1316,1.09,0.00013112150994237836
1320,2.44,0.00029351971032972766
1323,3.61,0.0004342648173320971
1324,1.3599999999999999,0.0001636011500198482
1327,26.83,0.0032275138639945053
1329,1.09,0.00013112150994237836
1332,2.98,0.0003584789904846674
1333,1.27,0.00015277460332735826
1334,2.08,0.00025021352355976786
1335,1.45,0.00017442769671233816
1336,1.18,0.0001419480566348683
1340,3.97,0.00047757100410205695
1343,1.27,0.00015277460332735826
1344,1.3599999999999999,0.0001636011500198482
1346,7.75,0.000932285965186635
1349,14.77,0.0017767566072008514
1351,1.54,0.00018525424340482812
1358,1.99,0.0002393869768672779
1361,1.09,0.00013112150994237836
1363,1.54,0.00018525424340482812
1368,1.45,0.00017442769671233816
1369,1.09,0.00013112150994237836
1380,1.54,0.00018525424340482812
1383,1.99,0.0002393869768672779
1384,1.54,0.00018525424340482812
1385,3.16,0.0003801320838696473
1387,1.99,0.0002393869768672779
1388,1.09,0.00013112150994237836
1389,41.77,0.005024720614947838
1390,2.26,0.00027186661694474773
1394,20.26,0.002437175955442739
1397,2.08,0.00025021352355976786
1403,4.51,0.0005425302842569966
1404,1.45,0.00017442769671233816
1411,1.9,0.00022856043017478793
1416,2.26,0.00027186661694474773
1417,1.18,0.0001419480566348683
1423,1.27,0.00015277460332735826
1426,1.09,0.00013112150994237836
1428,2.62,0.0003151728037147076
1430,1.09,0.00013112150994237836
1431,1.3599999999999999,0.0001636011500198482
1433,1.09,0.00013112150994237836
1434,1.3599999999999999,0.0001636011500198482
1437,2.08,0.00025021352355976786
1439,1.63,0.00019608079009731806
1441,1.18,0.0001419480566348683
1442,1.27,0.00015277460332735826
1443,1.54,0.00018525424340482812
1445,2.35,0.00028269316363723775
1446,1.9,0.00022856043017478793
1447,1.09,0.00013112150994237836
1448,2.62,0.0003151728037147076
1449,1.09,0.00013112150994237836
1451,1.09,0.00013112150994237836
1452,1.09,0.00013112150994237836
1453,5.23,0.0006291426577969163
1455,12.97,0.0015602256733510526
1456,1.81,0.000217733883482298
1457,4.24,0.0005100506441795268
1459,2.5300000000000002,0.0003043462570222177
1462,1.72,0.00020690733678980803
1463,1.09,0.00013112150994237836
1468,3.97,0.00047757100410205695
1469,1.27,0.00015277460332735826
1470,1.54,0.00018525424340482812
1476,6.67,0.0008023674048767555
1477,7.03,0.0008456735916467154
1479,1.99,0.0002393869768672779
1482,1.54,0.00018525424340482812
1486,2.35,0.00028269316363723775
1487,1.27,0.00015277460332735826
1488,3.7,0.00044509136402458706
1489,1.27,0.00015277460332735826
1493,4.6899999999999995,0.0005641833776419765
1498,1.99,0.0002393869768672779
1500,1.09,0.00013112150994237836
1502,1.27,0.00015277460332735826
1503,1.18,0.0001419480566348683
1504,1.54,0.00018525424340482812
1505,1822.69,0.21926042656593908
1506,1.09,0.00013112150994237836
1508,1.45,0.00017442769671233816
1509,2.17,0.0002610400702522578
1511,1.09,0.00013112150994237836
1512,1.3599999999999999,0.0001636011500198482
1513,1.3599999999999999,0.0001636011500198482
1514,1.3599999999999999,0.0001636011500198482
1515,3.34,0.0004017851772546272
1516,7.12,0.0008565001383392054
1517,1.09,0.00013112150994237836
1518,1.27,0.00015277460332735826
1519,1.81,0.000217733883482298
1520,1.18,0.0001419480566348683
1521,1.09,0.00013112150994237836
1522,1.63,0.00019608079009731806
1523,1.18,0.0001419480566348683
1524,5.59,0.000672448844566876
1525,2.08,0.00025021352355976786
1526,1.18,0.0001419480566348683
1527,2.08,0.00025021352355976786
1528,12.43,0.0014952663931961127
1529,1.9,0.00022856043017478793
1530,1.72,0.00020690733678980803
1531,1.09,0.00013112150994237836
1532,2.17,0.0002610400702522578
1533,1.09,0.00013112150994237836
1534,17.74,0.00213403264805302
1535,2.5300000000000002,0.0003043462570222177
1539,8.83,0.0010622045254965145
1540,1.72,0.00020690733678980803
1541,1.45,0.00017442769671233816
1542,1.3599999999999999,0.0001636011500198482
1543,1.09,0.00013112150994237836
1544,2.08,0.00025021352355976786
1545,1.45,0.00017442769671233816
1546,1.63,0.00019608079009731806
1547,3.07,0.00036930553717715736
1548,1.27,0.00015277460332735826
1549,5.14,0.0006183161111044263
1550,2.08,0.00025021352355976786
1551,4.6899999999999995,0.0005641833776419765
1552,1.09,0.00013112150994237836
1553,1.45,0.00017442769671233816
1554,1.09,0.00013112150994237836
1555,2.98,0.0003584789904846674
1556,1.99,0.0002393869768672779
1558,2.5300000000000002,0.0003043462570222177
1559,1.09,0.00013112150994237836
1561,1.54,0.00018525424340482812
1563,1.3599999999999999,0.0001636011500198482
1564,1.09,0.00013112150994237836
1565,2.98,0.0003584789904846674
1567,4.779999999999999,0.0005750099243344664
1568,1.18,0.0001419480566348683
1569,2.62,0.0003151728037147076
1570,1.3599999999999999,0.0001636011500198482
1571,20.53,0.002469655595520209
1572,7.12,0.0008565001383392054
1573,17.38,0.00209072646128306
1575,1.45,0.00017442769671233816
1576,5.68,0.0006832753912593661
1578,1.27,0.00015277460332735826
1579,1.45,0.00017442769671233816
1581,1.09,0.00013112150994237836
1582,1.09,0.00013112150994237836
1583,1.72,0.00020690733678980803
1584,14.14,0.0017009707803534219
1586,1.54,0.00018525424340482812
1587,1.18,0.0001419480566348683
1588,5.32,0.0006399692044894063
1589,1.45,0.00017442769671233816
1590,1.99,0.0002393869768672779
1591,2.08,0.00025021352355976786
1592,2.98,0.0003584789904846674
1593,1.18,0.0001419480566348683
1594,1.18,0.0001419480566348683
1595,1.18,0.0001419480566348683
1596,1.9,0.00022856043017478793
1597,1.27,0.00015277460332735826
1598,5.86,0.000704928484644346
1599,1.72,0.00020690733678980803
1600,12.97,0.0015602256733510526
1601,10.9,0.0013112150994237836
1603,1.18,0.0001419480566348683
1604,1.18,0.0001419480566348683
1605,1.45,0.00017442769671233816
1606,3.97,0.00047757100410205695
1607,1.9,0.00022856043017478793
1608,9.55,0.0011488168990364343
1609,1.09,0.00013112150994237836
1610,2.71,0.00032599935040719755
1611,1.45,0.00017442769671233816
1612,1.27,0.00015277460332735826
1613,1.09,0.00013112150994237836
1614,10.45,0.0012570823659613336
1615,1.09,0.00013112150994237836
1616,1.27,0.00015277460332735826
1617,1.09,0.00013112150994237836
1618,1.63,0.00019608079009731806
1619,1.09,0.00013112150994237836
1620,1.09,0.00013112150994237836
1621,1.09,0.00013112150994237836
1622,2.8,0.00033682589709968747
1623,1.18,0.0001419480566348683
1624,1.09,0.00013112150994237836
1625,2.26,0.00027186661694474773
1626,3.52,0.0004234382706396071
1627,1.54,0.00018525424340482812
1628,1.09,0.00013112150994237836
1629,1.45,0.00017442769671233816
1630,1.72,0.00020690733678980803
1632,1.72,0.00020690733678980803
1633,3.25,0.0003909586305621373
1634,1.3599999999999999,0.0001636011500198482
1635,1.09,0.00013112150994237836
1636,4.15,0.0004992240974870368
1637,24.67,0.002967676743374747
1638,1.45,0.00017442769671233816
1639,3.34,0.0004017851772546272
1640,1.09,0.00013112150994237836
1641,1.18,0.0001419480566348683
1642,10.45,0.0012570823659613336
1643,1.3599999999999999,0.0001636011500198482
1644,1.72,0.00020690733678980803
1646,1.09,0.00013112150994237836
1647,2.08,0.00025021352355976786
1648,1.09,0.00013112150994237836
1649,1.54,0.00018525424340482812
1650,10.72,0.0012895620060388035
1651,1.09,0.00013112150994237836
1652,8.02,0.0009647656052641048
1656,1.9,0.00022856043017478793
1657,1.18,0.0001419480566348683
1658,1.3599999999999999,0.0001636011500198482
1659,1.09,0.00013112150994237836
1660,3.97,0.00047757100410205695
1661,1.09,0.00013112150994237836
1662,1.09,0.00013112150994237836
1663,1.54,0.00018525424340482812
1664,2.26,0.00027186661694474773
1665,1.09,0.00013112150994237836
1666,1.72,0.00020690733678980803
1667,2.8,0.00033682589709968747
1668,1.09,0.00013112150994237836
1669,1.72,0.00020690733678980803
1670,1.27,0.00015277460332735826
1671,1.27,0.00015277460332735826
1672,19.27,0.0023180839418253493
1673,1.3599999999999999,0.0001636011500198482
1674,1.09,0.00013112150994237836
1675,1.09,0.00013112150994237836
1676,1.09,0.00013112150994237836
1678,1.09,0.00013112150994237836
1679,1.27,0.00015277460332735826
1680,1.3599999999999999,0.0001636011500198482
1681,1.09,0.00013112150994237836
1683,3.25,0.0003909586305621373
1684,1.3599999999999999,0.0001636011500198482
1685,1.09,0.00013112150994237836
1686,1.09,0.00013112150994237836
1687,1.45,0.00017442769671233816
1688,3.97,0.00047757100410205695
1689,1.27,0.00015277460332735826
1690,1.09,0.00013112150994237836
1691,11.98,0.001441133659733663
1693,24.4,0.0029351971032972766
1694,5.77,0.000694101937951856
1696,27.73,0.0033357793309194052
1697,1.09,0.00013112150994237836
1698,1.99,0.0002393869768672779
1700,1.81,0.000217733883482298
1701,2.44,0.00029351971032972766
1702,1.09,0.00013112150994237836
1703,3.07,0.00036930553717715736
1704,5.14,0.0006183161111044263
1705,1.09,0.00013112150994237836
1706,1.09,0.00013112150994237836
1707,1.9,0.00022856043017478793
1708,1.3599999999999999,0.0001636011500198482
1709,1.72,0.00020690733678980803
1710,1.81,0.000217733883482298
1711,1.63,0.00019608079009731806
1712,1.81,0.000217733883482298
1714,1.9,0.00022856043017478793
1715,1.99,0.0002393869768672779
1717,10.99,0.0013220416461162735
1718,1.63,0.00019608079009731806
1719,2.62,0.0003151728037147076
1720,1.63,0.00019608079009731806
1722,1.27,0.00015277460332735826
1724,4.15,0.0004992240974870368
1725,6.58,0.0007915408581842656
1728,5.14,0.0006183161111044263
1730,1.9,0.00022856043017478793
1731,1.54,0.00018525424340482812
1732,1.3599999999999999,0.0001636011500198482
1733,3.7,0.00044509136402458706
1734,1.09,0.00013112150994237836
1735,1.09,0.00013112150994237836
1736,1.18,0.0001419480566348683
1737,1.27,0.00015277460332735826
1738,7.39,0.0008889797784166751
1739,1.09,0.00013112150994237836
1740,1.9,0.00022856043017478793
1741,1.27,0.00015277460332735826
1742,1.81,0.000217733883482298
1744,3.43,0.0004126117239471172
1745,4.24,0.0005100506441795268
1747,1.45,0.00017442769671233816
1749,9.28,0.001116337258958964
1750,1.18,0.0001419480566348683
1751,3.34,0.0004017851772546272
1753,1.99,0.0002393869768672779
1755,1.18,0.0001419480566348683
1756,1.18,0.0001419480566348683
1757,1.09,0.00013112150994237836
1758,1.18,0.0001419480566348683
1761,1.99,0.0002393869768672779
1762,1.54,0.00018525424340482812
1763,124.84,0.015017623212116067
1764,1.09,0.00013112150994237836
1766,1.3599999999999999,0.0001636011500198482
1767,1.63,0.00019608079009731806
1768,1.45,0.00017442769671233816
1769,1.72,0.00020690733678980803
1770,2.5300000000000002,0.0003043462570222177
1771,3.7,0.00044509136402458706
1772,13.33,0.0016035318601210122
1773,2.62,0.0003151728037147076
1774,1.09,0.00013112150994237836
1775,1.72,0.00020690733678980803
1776,1.18,0.0001419480566348683
1777,1.63,0.00019608079009731806
1778,3.43,0.0004126117239471172
1779,2.44,0.00029351971032972766
1780,1.3599999999999999,0.0001636011500198482
1781,1.45,0.00017442769671233816
1782,1.3599999999999999,0.0001636011500198482
1783,3.61,0.0004342648173320971
1784,2.26,0.00027186661694474773
1785,2.35,0.00028269316363723775
1786,4.42,0.0005317037375645067
1787,1.54,0.00018525424340482812
1788,3.34,0.0004017851772546272
1789,2.08,0.00025021352355976786
1791,1.18,0.0001419480566348683
1792,1.09,0.00013112150994237836
1793,1.18,0.0001419480566348683
1794,2.26,0.00027186661694474773
1795,1.09,0.00013112150994237836
1796,1.3599999999999999,0.0001636011500198482
1797,1.09,0.00013112150994237836
1798,1.09,0.00013112150994237836
1800,2.17,0.0002610400702522578
1801,1.27,0.00015277460332735826
1802,1.3599999999999999,0.0001636011500198482
1804,1.54,0.00018525424340482812
1805,1.09,0.00013112150994237836
1806,1.09,0.00013112150994237836
1807,8.2,0.0009864186986490847
1808,1.99,0.0002393869768672779
1809,1.09,0.00013112150994237836
1810,4.15,0.0004992240974870368
1811,1.3599999999999999,0.0001636011500198482
1812,1.09,0.00013112150994237836
1813,7.48,0.0008998063251091652
1814,9.1,0.0010946841655739843
1815,3.88,0.00046674445740956693
1816,1.09,0.00013112150994237836
1817,1.09,0.00013112150994237836
1818,1.45,0.00017442769671233816
1819,4.6,0.0005533568309494866
1820,13.87,0.001668491140275952
1822,1.27,0.00015277460332735826
1823,1.09,0.00013112150994237836
1824,23.5,0.002826931636372377
1825,1.99,0.0002393869768672779
1826,2.35,0.00028269316363723775
1827,1.63,0.00019608079009731806
1829,1.45,0.00017442769671233816
1830,1.27,0.00015277460332735826
1831,1.3599999999999999,0.0001636011500198482
1832,2.08,0.00025021352355976786
1833,3.25,0.0003909586305621373
1834,1.27,0.00015277460332735826
1836,1.09,0.00013112150994237836
1837,7.3,0.0008781532317241852
1838,1.72,0.00020690733678980803
1839,3.88,0.00046674445740956693
1840,1.27,0.00015277460332735826
1841,1.18,0.0001419480566348683
1842,1.45,0.00017442769671233816
1843,3.43,0.0004126117239471172
1844,1.81,0.000217733883482298
1845,1.09,0.00013112150994237836
1846,11.8,0.001419480566348683
1847,1.3599999999999999,0.0001636011500198482
1849,1.27,0.00015277460332735826
1850,1.54,0.00018525424340482812
1851,1.54,0.00018525424340482812
1852,11.62,0.001397827472963703
1854,3.25,0.0003909586305621373
1855,4.15,0.0004992240974870368
1856,2.98,0.0003584789904846674
1858,8.74,0.0010513779788040246
1859,29.26,0.0035198306246917344
1860,37.54,0.00451587292040081
1866,1.27,0.00015277460332735826
1867,1.9,0.00022856043017478793
1868,1.9,0.00022856043017478793
1869,1.09,0.00013112150994237836
1870,148.33,0.017843351898855945
1875,4.51,0.0005425302842569966
1876,1.09,0.00013112150994237836
1877,1.09,0.00013112150994237836
1878,39.43,0.004743230400943099
1879,1.09,0.00013112150994237836
1881,1.54,0.00018525424340482812
1883,5.5,0.0006616222978743861
1884,1.09,0.00013112150994237836
1886,1.3599999999999999,0.0001636011500198482
1887,4.0600000000000005,0.0004883975507945469
1890,7.93,0.0009539390585716149
1892,1.18,0.0001419480566348683
1894,4.42,0.0005317037375645067
1896,1.09,0.00013112150994237836
1897,1.09,0.00013112150994237836
