CODE,AREA_HA,PROPORTION
1,2.8,0.0005335823384245965
2,5.32,0.0010138064430067334
3,3.79,0.0007222418080818646
4,1.18,0.00022486684262179425
5,3.97,0.0007565435298377316
6,7.03,0.0013396727996874693
7,1.27,0.00024201770349972773
8,1.72,0.000327772007889395
9,1.09,0.00020771598174386082
10,1.54,0.0002934702861335281
11,1.18,0.00022486684262179425
12,1.54,0.0002934702861335281
13,2.08,0.0003963754514011289
14,1.81,0.0003449228687673285
15,3.52,0.0006707892254480643
16,10.18,0.0019399529304151403
17,1.3599999999999999,0.00025916856437766114
18,1.45,0.00027631942525559465
19,1.09,0.00020771598174386082
20,1.9,0.00036207372964526194
21,4.51,0.0008594486951053323
22,1.63,0.00031062114701146156
23,1.09,0.00020771598174386082
24,1.3599999999999999,0.00025916856437766114
25,15.22,0.0029004011395794144
26,1.27,0.00024201770349972773
27,1.18,0.00022486684262179425
28,1.81,0.0003449228687673285
29,3.79,0.0007222418080818646
30,6.85,0.0013053710779316022
31,1.18,0.00022486684262179425
32,1.72,0.000327772007889395
33,1.09,0.00020771598174386082
34,13.06,0.002488780478509011
35,1.81,0.0003449228687673285
36,1.45,0.00027631942525559465
37,1.45,0.00027631942525559465
38,1.27,0.00024201770349972773
39,1.72,0.000327772007889395
40,1.09,0.00020771598174386082
41,1.45,0.00027631942525559465
42,2.08,0.0003963754514011289
43,1.54,0.0002934702861335281
44,1.3599999999999999,0.00025916856437766114
45,1.54,0.0002934702861335281
46,1.63,0.00031062114701146156
47,6.31,0.0012024659126640014
48,13.78,0.0026259873655324786
49,2.08,0.0003963754514011289
50,25.93,0.0049413535840534956
51,7.75,0.001476879686710937
52,1.81,0.0003449228687673285
53,1.18,0.00022486684262179425
54,4.24,0.0008079961124715319
55,11.62,0.0022143667044620756
56,1.18,0.00022486684262179425
57,5.5,0.0010481081647626003
58,1.18,0.00022486684262179425
59,12.16,0.0023172718697296764
60,1.27,0.00024201770349972773
61,2.26,0.00043067717315699576
62,7.3,0.0013911253823212695
63,3.97,0.0007565435298377316
64,6.49,0.0012367676344198686
65,2.8,0.0005335823384245965
66,3.7,0.0007050909472039312
67,20.89,0.003980905374889222
68,3.79,0.0007222418080818646
69,3.61,0.0006879400863259977
70,19.99,0.0038093967661098874
71,8.11,0.0015454831302226706
72,1.63,0.00031062114701146156
73,7.93,0.0015111814084668037
74,1.63,0.00031062114701146156
75,1.18,0.00022486684262179425
76,1.18,0.00022486684262179425
77,1.72,0.000327772007889395
78,1.72,0.000327772007889395
79,1.3599999999999999,0.00025916856437766114
80,13.69,0.0026088365046545454
81,1.3599999999999999,0.00025916856437766114
82,1.18,0.00022486684262179425
83,9.1,0.0017341425998799388
84,1.09,0.00020771598174386082
85,14.32,0.00272889253080008
86,1.3599999999999999,0.00025916856437766114
87,5.14,0.0009795047212508665
88,1.09,0.00020771598174386082
89,9.37,0.001785595182513739
90,2.08,0.0003963754514011289
91,2.08,0.0003963754514011289
92,1.54,0.0002934702861335281
93,1.54,0.0002934702861335281
94,5.86,0.0011167116082743344
95,1.09,0.00020771598174386082
96,1.18,0.00022486684262179425
97,1.45,0.00027631942525559465
98,2.5300000000000002,0.00048212975579079624
99,2.35,0.0004478280340349293
100,1.63,0.00031062114701146156
101,6.04,0.001151013330030201
102,1.09,0.00020771598174386082
103,1.72,0.000327772007889395
104,1.09,0.00020771598174386082
105,2.44,0.0004649788949128627
106,11.89,0.0022658192870958762
107,1.18,0.00022486684262179425
108,5.05,0.000962353860372933
109,1.45,0.00027631942525559465
110,1.09,0.00020771598174386082
111,1.72,0.000327772007889395
112,1.09,0.00020771598174386082
113,1.45,0.00027631942525559465
114,6.58,0.0012539184952978018
115,1.09,0.00020771598174386082
116,1.9,0.00036207372964526194
117,2.17,0.0004135263122790623
118,1.54,0.0002934702861335281
119,1.99,0.0003792245905231954
120,1.18,0.00022486684262179425
121,1.18,0.00022486684262179425
122,1.18,0.00022486684262179425
123,1.3599999999999999,0.00025916856437766114
124,8.559999999999999,0.0016312374346123379
125,1.54,0.0002934702861335281
126,6.85,0.0013053710779316022
127,1.63,0.00031062114701146156
128,1.54,0.0002934702861335281
129,1.45,0.00027631942525559465
130,1.09,0.00020771598174386082
131,2.08,0.0003963754514011289
132,1.45,0.00027631942525559465
133,1.45,0.00027631942525559465
134,1.18,0.00022486684262179425
135,4.87,0.0009280521386170661
136,1.3599999999999999,0.00025916856437766114
137,1.27,0.00024201770349972773
138,1.09,0.00020771598174386082
139,3.34,0.0006364875036921973
140,5.59,0.0010652590256405338
141,1.54,0.0002934702861335281
142,8.379999999999999,0.001596935712856471
143,1.54,0.0002934702861335281
144,12.97,0.0024716296176310777
145,1.63,0.00031062114701146156
146,3.7,0.0007050909472039312
147,3.25,0.0006193366428142639
148,1.9,0.00036207372964526194
149,1.72,0.000327772007889395
150,3.97,0.0007565435298377316
151,1.18,0.00022486684262179425
152,1.54,0.0002934702861335281
153,1.72,0.000327772007889395
154,1.72,0.000327772007889395
155,1.3599999999999999,0.00025916856437766114
156,1.9,0.00036207372964526194
157,1.27,0.00024201770349972773
158,1.3599999999999999,0.00025916856437766114
159,1.09,0.00020771598174386082
160,5.32,0.0010138064430067334
161,1.54,0.0002934702861335281
162,1.54,0.0002934702861335281
163,9.46,0.0018027460433916729
164,1.27,0.00024201770349972773
165,1.9,0.00036207372964526194
166,2.17,0.0004135263122790623
167,1.45,0.00027631942525559465
168,2.8899999999999997,0.00055073319930253
169,3.88,0.0007393926689597981
170,1.3599999999999999,0.00025916856437766114
171,1.45,0.00027631942525559465
172,8.83,0.0016826900172461385
173,5.77,0.0010995607473964007
174,1.72,0.000327772007889395
175,1.3599999999999999,0.00025916856437766114
176,2.71,0.000516431477546663
177,1.9,0.00036207372964526194
178,1.3599999999999999,0.00025916856437766114
179,3.34,0.0006364875036921973
180,1.18,0.00022486684262179425
181,2.8899999999999997,0.00055073319930253
182,3.61,0.0006879400863259977
183,1.09,0.00020771598174386082
184,1.63,0.00031062114701146156
185,1.09,0.00020771598174386082
186,1.3599999999999999,0.00025916856437766114
187,1.63,0.00031062114701146156
188,1.54,0.0002934702861335281
189,1.3599999999999999,0.00025916856437766114
190,1.09,0.00020771598174386082
191,1.09,0.00020771598174386082
192,4.33,0.0008251469733494654
193,2.44,0.0004649788949128627
194,3.34,0.0006364875036921973
195,2.08,0.0003963754514011289
196,1.09,0.00020771598174386082
197,1.45,0.00027631942525559465
198,1.45,0.00027631942525559465
199,1.09,0.00020771598174386082
200,9.82,0.0018713494869034065
201,2.62,0.0004992806166687297
202,2.71,0.000516431477546663
203,1.63,0.00031062114701146156
204,2.26,0.00043067717315699576
205,1.27,0.00024201770349972773
206,1.18,0.00022486684262179425
207,1.54,0.0002934702861335281
208,8.74,0.001665539156368205
209,4.87,0.0009280521386170661
210,1.18,0.00022486684262179425
211,1.18,0.00022486684262179425
212,2.62,0.0004992806166687297
213,1.09,0.00020771598174386082
214,1.99,0.0003792245905231954
215,1.45,0.00027631942525559465
216,1.27,0.00024201770349972773
217,1.63,0.00031062114701146156
218,1.63,0.00031062114701146156
219,10.18,0.0019399529304151403
220,1.18,0.00022486684262179425
221,1.3599999999999999,0.00025916856437766114
222,1.09,0.00020771598174386082
223,1.54,0.0002934702861335281
224,1.09,0.00020771598174386082
225,1.09,0.00020771598174386082
226,1.54,0.0002934702861335281
227,2.8899999999999997,0.00055073319930253
228,1.99,0.0003792245905231954
229,1.09,0.00020771598174386082
230,1.18,0.00022486684262179425
231,9.19,0.001751293460757872
232,16.39,0.003123362330992549
233,1.27,0.00024201770349972773
234,1.72,0.000327772007889395
235,1.18,0.00022486684262179425
236,1.09,0.00020771598174386082
237,2.08,0.0003963754514011289
238,1.09,0.00020771598174386082
239,2.44,0.0004649788949128627
240,1.18,0.00022486684262179425
241,1.27,0.00024201770349972773
242,1.9,0.00036207372964526194
243,1.09,0.00020771598174386082
244,2.08,0.0003963754514011289
245,1.72,0.000327772007889395
246,2.35,0.0004478280340349293
247,4.0600000000000005,0.0007736943907156651
248,1.99,0.0003792245905231954
249,1.81,0.0003449228687673285
250,1.3599999999999999,0.00025916856437766114
251,1.27,0.00024201770349972773
252,3.07,0.0005850349210583969
253,1.09,0.00020771598174386082
254,1.27,0.00024201770349972773
255,15.58,0.002969004583091148
256,1.09,0.00020771598174386082
257,1.18,0.00022486684262179425
258,1.18,0.00022486684262179425
259,4.87,0.0009280521386170661
260,1.27,0.00024201770349972773
261,1.45,0.00027631942525559465
262,1.09,0.00020771598174386082
263,1.45,0.00027631942525559465
264,1.99,0.0003792245905231954
265,1.54,0.0002934702861335281
266,2.8,0.0005335823384245965
267,1.45,0.00027631942525559465
268,1.45,0.00027631942525559465
269,1.09,0.00020771598174386082
270,1.3599999999999999,0.00025916856437766114
271,1.54,0.0002934702861335281
272,14.68,0.002797495974311813
273,1.3599999999999999,0.00025916856437766114
274,1.63,0.00031062114701146156
275,1.18,0.00022486684262179425
276,10.09,0.0019228020695372069
277,10.45,0.0019914055130489405
278,26.11,0.004975655305809363
279,4.24,0.0008079961124715319
280,2.08,0.0003963754514011289
281,2.44,0.0004649788949128627
282,1.45,0.00027631942525559465
283,1.3599999999999999,0.00025916856437766114
284,1.27,0.00024201770349972773
285,5.23,0.0009966555821288002
286,2.17,0.0004135263122790623
287,2.98,0.0005678840601804634
288,1.18,0.00022486684262179425
289,1.3599999999999999,0.00025916856437766114
290,2.98,0.0005678840601804634
291,2.98,0.0005678840601804634
292,1.3599999999999999,0.00025916856437766114
293,1.63,0.00031062114701146156
294,1.18,0.00022486684262179425
295,1.72,0.000327772007889395
296,1.18,0.00022486684262179425
297,1.18,0.00022486684262179425
298,1.3599999999999999,0.00025916856437766114
299,3.88,0.0007393926689597981
300,31.06,0.005918952654095703
301,1.3599999999999999,0.00025916856437766114
302,2.62,0.0004992806166687297
303,3.88,0.0007393926689597981
304,1.45,0.00027631942525559465
305,1.45,0.00027631942525559465
306,1.09,0.00020771598174386082
307,1.3599999999999999,0.00025916856437766114
308,2.44,0.0004649788949128627
309,1.45,0.00027631942525559465
310,1.45,0.00027631942525559465
311,1.09,0.00020771598174386082
312,5.05,0.000962353860372933
313,2.44,0.0004649788949128627
314,1.54,0.0002934702861335281
315,1.72,0.000327772007889395
316,14.23,0.002711741669922146
317,1.18,0.00022486684262179425
318,1.9,0.00036207372964526194
319,1.54,0.0002934702861335281
320,1.45,0.00027631942525559465
321,1.18,0.00022486684262179425
322,1.45,0.00027631942525559465
323,1.3599999999999999,0.00025916856437766114
324,1.18,0.00022486684262179425
325,2.62,0.0004992806166687297
326,1.81,0.0003449228687673285
327,29.17,0.005558784575659101
328,2.08,0.0003963754514011289
329,2.44,0.0004649788949128627
330,1.09,0.00020771598174386082
331,10.9,0.002077159817438608
332,1.45,0.00027631942525559465
333,5.23,0.0009966555821288002
334,1.3599999999999999,0.00025916856437766114
335,1.09,0.00020771598174386082
336,3.25,0.0006193366428142639
337,4.33,0.0008251469733494654
338,1.81,0.0003449228687673285
339,1.18,0.00022486684262179425
340,1.54,0.0002934702861335281
341,1.9,0.00036207372964526194
342,1.18,0.00022486684262179425
343,4.96,0.0009452029994949996
344,2.71,0.000516431477546663
345,1.09,0.00020771598174386082
346,1.09,0.00020771598174386082
347,1.99,0.0003792245905231954
348,1.27,0.00024201770349972773
349,25.48,0.004855599279663829
350,1.45,0.00027631942525559465
351,1.63,0.00031062114701146156
352,7.66,0.0014597288258330035
353,1.81,0.0003449228687673285
354,6.4,0.0012196167735419351
355,1.45,0.00027631942525559465
356,1.18,0.00022486684262179425
357,4.87,0.0009280521386170661
358,1.09,0.00020771598174386082
359,1.18,0.00022486684262179425
360,1.45,0.00027631942525559465
361,1.63,0.00031062114701146156
362,2.5300000000000002,0.00048212975579079624
363,1.54,0.0002934702861335281
364,2.8,0.0005335823384245965
365,1.45,0.00027631942525559465
366,1.09,0.00020771598174386082
367,1.99,0.0003792245905231954
368,3.16,0.0006021857819363304
369,1.9,0.00036207372964526194
370,1.18,0.00022486684262179425
371,3.43,0.0006536383645701308
372,1.18,0.00022486684262179425
373,1.09,0.00020771598174386082
374,6.67,0.0012710693561757353
375,1.09,0.00020771598174386082
376,1.3599999999999999,0.00025916856437766114
377,3.7,0.0007050909472039312
378,3.43,0.0006536383645701308
379,1.72,0.000327772007889395
380,1.54,0.0002934702861335281
381,1.81,0.0003449228687673285
382,1.09,0.00020771598174386082
383,1.54,0.0002934702861335281
384,1.3599999999999999,0.00025916856437766114
385,1.27,0.00024201770349972773
386,1.9,0.00036207372964526194
387,7.39,0.001408276243199203
388,3.88,0.0007393926689597981
389,3.16,0.0006021857819363304
390,2.08,0.0003963754514011289
391,4.24,0.0008079961124715319
392,2.71,0.000516431477546663
393,1.09,0.00020771598174386082
394,1.09,0.00020771598174386082
395,7.57,0.00144257796495507
396,3.16,0.0006021857819363304
397,11.53,0.002197215843584142
398,1.63,0.00031062114701146156
399,1.18,0.00022486684262179425
400,1.45,0.00027631942525559465
401,1.09,0.00020771598174386082
402,1.27,0.00024201770349972773
403,1.63,0.00031062114701146156
404,2.98,0.0005678840601804634
405,1.72,0.000327772007889395
406,4.779999999999999,0.0009109012777391326
407,4.96,0.0009452029994949996
408,1.72,0.000327772007889395
409,1.09,0.00020771598174386082
410,3.79,0.0007222418080818646
411,3.34,0.0006364875036921973
412,1.81,0.0003449228687673285
413,1.09,0.00020771598174386082
414,5.32,0.0010138064430067334
415,9.01,0.0017169917390020054
416,1.3599999999999999,0.00025916856437766114
417,13.06,0.002488780478509011
418,1.45,0.00027631942525559465
419,3.07,0.0005850349210583969
420,1.09,0.00020771598174386082
421,29.71,0.005661689740926701
422,1.45,0.00027631942525559465
423,1.09,0.00020771598174386082
424,3.43,0.0006536383645701308
425,2.17,0.0004135263122790623
426,2.35,0.0004478280340349293
427,3.16,0.0006021857819363304
428,1.18,0.00022486684262179425
429,2.8,0.0005335823384245965
430,2.17,0.0004135263122790623
431,2.35,0.0004478280340349293
432,3.16,0.0006021857819363304
433,1.18,0.00022486684262179425
434,1.81,0.0003449228687673285
435,1.09,0.00020771598174386082
436,1.81,0.0003449228687673285
437,1.99,0.0003792245905231954
438,1.18,0.00022486684262179425
439,1.3599999999999999,0.00025916856437766114
440,1.27,0.00024201770349972773
441,4.6899999999999995,0.0008937504168611991
442,1.3599999999999999,0.00025916856437766114
443,1.09,0.00020771598174386082
444,1.18,0.00022486684262179425
445,7.3,0.0013911253823212695
446,1.9,0.00036207372964526194
447,1.45,0.00027631942525559465
448,3.16,0.0006021857819363304
449,1.45,0.00027631942525559465
450,1.3599999999999999,0.00025916856437766114
451,1.54,0.0002934702861335281
452,1.54,0.0002934702861335281
453,1.9,0.00036207372964526194
454,1.18,0.00022486684262179425
455,3.43,0.0006536383645701308
456,4.24,0.0008079961124715319
457,1.09,0.00020771598174386082
458,1.18,0.00022486684262179425
459,1.45,0.00027631942525559465
460,2.17,0.0004135263122790623
461,18.1,0.003449228687673285
462,4.42,0.0008422978342273988
463,9.73,0.001854198626025473
464,1.63,0.00031062114701146156
465,1.3599999999999999,0.00025916856437766114
466,6.04,0.001151013330030201
467,2.26,0.00043067717315699576
468,1.27,0.00024201770349972773
469,2.35,0.0004478280340349293
470,1.09,0.00020771598174386082
471,1.99,0.0003792245905231954
472,1.45,0.00027631942525559465
473,3.7,0.0007050909472039312
474,1.81,0.0003449228687673285
475,1.45,0.00027631942525559465
476,1.9,0.00036207372964526194
477,1.09,0.00020771598174386082
478,1.09,0.00020771598174386082
479,1.54,0.0002934702861335281
480,5.77,0.0010995607473964007
481,4.87,0.0009280521386170661
482,1.09,0.00020771598174386082
483,2.08,0.0003963754514011289
484,1.54,0.0002934702861335281
485,8.559999999999999,0.0016312374346123379
486,1.09,0.00020771598174386082
487,1.45,0.00027631942525559465
488,1.45,0.00027631942525559465
489,1.81,0.0003449228687673285
490,2.08,0.0003963754514011289
491,6.31,0.0012024659126640014
492,3.16,0.0006021857819363304
493,5.86,0.0011167116082743344
494,2.8899999999999997,0.00055073319930253
495,1.81,0.0003449228687673285
496,1.54,0.0002934702861335281
497,36.1,0.006879400863259977
498,1.99,0.0003792245905231954
499,11.26,0.002145763260950342
500,1.9,0.00036207372964526194
501,1.09,0.00020771598174386082
502,1.27,0.00024201770349972773
503,3.61,0.0006879400863259977
504,1.3599999999999999,0.00025916856437766114
505,2.71,0.000516431477546663
506,1.09,0.00020771598174386082
507,2.26,0.00043067717315699576
508,5.59,0.0010652590256405338
509,1.54,0.0002934702861335281
510,1.09,0.00020771598174386082
511,1.09,0.00020771598174386082
512,1.09,0.00020771598174386082
513,28.9,0.0055073319930253
514,3.79,0.0007222418080818646
515,1.27,0.00024201770349972773
516,1.3599999999999999,0.00025916856437766114
517,1.54,0.0002934702861335281
518,1.63,0.00031062114701146156
519,1.09,0.00020771598174386082
520,1.27,0.00024201770349972773
521,1.27,0.00024201770349972773
522,5.41,0.0010309573038846669
523,2.08,0.0003963754514011289
524,1.27,0.00024201770349972773
525,1.54,0.0002934702861335281
526,1.18,0.00022486684262179425
527,2.8,0.0005335823384245965
528,3.43,0.0006536383645701308
529,1.3599999999999999,0.00025916856437766114
530,1.63,0.00031062114701146156
531,1.9,0.00036207372964526194
532,2.17,0.0004135263122790623
533,1.09,0.00020771598174386082
534,1.45,0.00027631942525559465
535,8.2,0.001562633991100604
536,1.9,0.00036207372964526194
537,1.3599999999999999,0.00025916856437766114
538,1.81,0.0003449228687673285
539,1.27,0.00024201770349972773
540,1.27,0.00024201770349972773
541,1.27,0.00024201770349972773
542,59.95,0.011424378995912345
543,1.72,0.000327772007889395
544,3.88,0.0007393926689597981
545,2.44,0.0004649788949128627
546,19.36,0.0036893407399643534
547,3.88,0.0007393926689597981
548,7.66,0.0014597288258330035
549,1.18,0.00022486684262179425
550,2.8899999999999997,0.00055073319930253
551,1.09,0.00020771598174386082
552,3.97,0.0007565435298377316
553,1.3599999999999999,0.00025916856437766114
554,1.09,0.00020771598174386082
555,55.72,0.01061828853464947
556,1.09,0.00020771598174386082
557,4.51,0.0008594486951053323
558,8.83,0.0016826900172461385
559,1.09,0.00020771598174386082
560,14.59,0.00278034511343388
561,2.17,0.0004135263122790623
562,1.09,0.00020771598174386082
563,1.9,0.00036207372964526194
564,8.469999999999999,0.0016140865737344044
565,3.88,0.0007393926689597981
566,5.95,0.0011338624691522676
567,5.86,0.0011167116082743344
568,4.0600000000000005,0.0007736943907156651
569,6.22,0.001185315051786068
570,1.72,0.000327772007889395
571,1.45,0.00027631942525559465
572,3.43,0.0006536383645701308
573,1.72,0.000327772007889395
574,1.18,0.00022486684262179425
575,1.72,0.000327772007889395
576,1.27,0.00024201770349972773
577,8.29,0.0015797848519785375
578,1.45,0.00027631942525559465
579,4.96,0.0009452029994949996
580,1.09,0.00020771598174386082
581,2.62,0.0004992806166687297
582,1.09,0.00020771598174386082
583,1.09,0.00020771598174386082
584,2.98,0.0005678840601804634
585,1.09,0.00020771598174386082
586,2.98,0.0005678840601804634
587,1.54,0.0002934702861335281
588,1.54,0.0002934702861335281
589,2.5300000000000002,0.00048212975579079624
590,7.03,0.0013396727996874693
591,3.52,0.0006707892254480643
592,1.3599999999999999,0.00025916856437766114
593,1.3599999999999999,0.00025916856437766114
594,2.62,0.0004992806166687297
595,21.43,0.004083810540156823
596,1.63,0.00031062114701146156
597,1.09,0.00020771598174386082
598,1.09,0.00020771598174386082
599,1.99,0.0003792245905231954
600,1.09,0.00020771598174386082
601,2.35,0.0004478280340349293
602,1.27,0.00024201770349972773
603,1.72,0.000327772007889395
604,1.27,0.00024201770349972773
605,1.27,0.00024201770349972773
606,1.81,0.0003449228687673285
607,2.26,0.00043067717315699576
608,1.45,0.00027631942525559465
609,28.99,0.0055244828539032335
610,2.71,0.000516431477546663
611,2.35,0.0004478280340349293
612,104.59,0.019931205991367343
613,1.27,0.00024201770349972773
614,1.27,0.00024201770349972773
615,1.09,0.00020771598174386082
616,1.09,0.00020771598174386082
617,2.44,0.0004649788949128627
618,2.17,0.0004135263122790623
619,1.3599999999999999,0.00025916856437766114
620,1.09,0.00020771598174386082
621,2.5300000000000002,0.00048212975579079624
622,4.87,0.0009280521386170661
623,1.99,0.0003792245905231954
624,9.28,0.0017684443216358055
625,23.95,0.00456403464473896
626,3.16,0.0006021857819363304
627,4.96,0.0009452029994949996
628,3.16,0.0006021857819363304
629,1.45,0.00027631942525559465
630,9.73,0.001854198626025473
631,3.88,0.0007393926689597981
632,1.3599999999999999,0.00025916856437766114
633,1.3599999999999999,0.00025916856437766114
634,1.3599999999999999,0.00025916856437766114
635,1.3599999999999999,0.00025916856437766114
636,1.54,0.0002934702861335281
637,2.17,0.0004135263122790623
638,1.72,0.000327772007889395
639,1.27,0.00024201770349972773
640,4.42,0.0008422978342273988
641,2.08,0.0003963754514011289
642,1.18,0.00022486684262179425
643,1.45,0.00027631942525559465
644,1.72,0.000327772007889395
645,1.09,0.00020771598174386082
646,1.45,0.00027631942525559465
647,32.95,0.0062791207325323065
648,3.43,0.0006536383645701308
649,2.08,0.0003963754514011289
650,1.09,0.00020771598174386082
651,2.44,0.0004649788949128627
652,1.18,0.00022486684262179425
653,1.54,0.0002934702861335281
654,1.09,0.00020771598174386082
655,1.3599999999999999,0.00025916856437766114
656,1.09,0.00020771598174386082
657,3.25,0.0006193366428142639
658,1.27,0.00024201770349972773
659,1.3599999999999999,0.00025916856437766114
660,1.72,0.000327772007889395
661,1.3599999999999999,0.00025916856437766114
662,1.18,0.00022486684262179425
663,1.09,0.00020771598174386082
664,6.22,0.001185315051786068
665,1.09,0.00020771598174386082
666,1.27,0.00024201770349972773
667,1.45,0.00027631942525559465
668,2.17,0.0004135263122790623
669,8.559999999999999,0.0016312374346123379
670,1.27,0.00024201770349972773
671,1.54,0.0002934702861335281
672,1.09,0.00020771598174386082
673,6.67,0.0012710693561757353
674,6.76,0.0012882202170536687
675,3.52,0.0006707892254480643
676,1.54,0.0002934702861335281
677,1.63,0.00031062114701146156
678,1.09,0.00020771598174386082
679,2.44,0.0004649788949128627
680,2.08,0.0003963754514011289
681,1.45,0.00027631942525559465
682,1.45,0.00027631942525559465
683,4.24,0.0008079961124715319
684,3.52,0.0006707892254480643
685,2.8,0.0005335823384245965
686,1.09,0.00020771598174386082
687,1.27,0.00024201770349972773
688,1.3599999999999999,0.00025916856437766114
689,3.52,0.0006707892254480643
690,1.18,0.00022486684262179425
691,1.9,0.00036207372964526194
692,1.27,0.00024201770349972773
693,142.39,0.027134567560099392
694,1.45,0.00027631942525559465
695,2.26,0.00043067717315699576
696,1.09,0.00020771598174386082
697,1.81,0.0003449228687673285
698,1.09,0.00020771598174386082
699,1.09,0.00020771598174386082
700,1.3599999999999999,0.00025916856437766114
701,1.09,0.00020771598174386082
702,1.09,0.00020771598174386082
703,2.35,0.0004478280340349293
704,1.09,0.00020771598174386082
705,2.08,0.0003963754514011289
706,2.98,0.0005678840601804634
707,1.09,0.00020771598174386082
708,1.09,0.00020771598174386082
709,1.09,0.00020771598174386082
710,1.09,0.00020771598174386082
711,2.35,0.0004478280340349293
712,3.25,0.0006193366428142639
713,1.3599999999999999,0.00025916856437766114
714,1.54,0.0002934702861335281
715,9.28,0.0017684443216358055
716,1.18,0.00022486684262179425
717,1.3599999999999999,0.00025916856437766114
718,2.17,0.0004135263122790623
719,2.62,0.0004992806166687297
720,51.67,0.009846499795142466
721,20.44,0.003895151070499555
722,1.09,0.00020771598174386082
723,7.84,0.0014940305475888702
724,1.45,0.00027631942525559465
725,60.94,0.011613038465569612
726,2.08,0.0003963754514011289
727,1.45,0.00027631942525559465
728,3.16,0.0006021857819363304
729,1.18,0.00022486684262179425
730,1.27,0.00024201770349972773
731,1.27,0.00024201770349972773
732,3.88,0.0007393926689597981
733,2.44,0.0004649788949128627
734,1.45,0.00027631942525559465
735,35.11,0.006690741393602709
736,1.3599999999999999,0.00025916856437766114
737,1.18,0.00022486684262179425
738,1.27,0.00024201770349972773
739,1.45,0.00027631942525559465
740,3.79,0.0007222418080818646
741,3.97,0.0007565435298377316
742,1.45,0.00027631942525559465
743,1.18,0.00022486684262179425
744,35.56,0.006776495697992377
745,1.63,0.00031062114701146156
746,2.5300000000000002,0.00048212975579079624
747,1.63,0.00031062114701146156
748,4.15,0.0007908452515935986
749,3.52,0.0006707892254480643
750,1.09,0.00020771598174386082
751,1.09,0.00020771598174386082
752,1.09,0.00020771598174386082
753,1.3599999999999999,0.00025916856437766114
754,2.26,0.00043067717315699576
755,2.8,0.0005335823384245965
756,1.72,0.000327772007889395
757,51.31,0.009777896351630733
758,1.09,0.00020771598174386082
759,1.18,0.00022486684262179425
760,1.09,0.00020771598174386082
761,1.27,0.00024201770349972773
762,1.3599999999999999,0.00025916856437766114
763,6.94,0.0013225219388095359
764,3.52,0.0006707892254480643
765,1.09,0.00020771598174386082
766,2.5300000000000002,0.00048212975579079624
767,4.0600000000000005,0.0007736943907156651
768,2.08,0.0003963754514011289
769,1.9,0.00036207372964526194
770,3.25,0.0006193366428142639
771,1.27,0.00024201770349972773
772,2.5300000000000002,0.00048212975579079624
773,1.3599999999999999,0.00025916856437766114
774,1.3599999999999999,0.00025916856437766114
775,1.63,0.00031062114701146156
776,2.08,0.0003963754514011289
777,4.15,0.0007908452515935986
778,26.74,0.005095711331954897
779,2.26,0.00043067717315699576
780,1.45,0.00027631942525559465
781,75.07,0.014305723623405164
782,7.03,0.0013396727996874693
783,4.0600000000000005,0.0007736943907156651
784,1.09,0.00020771598174386082
785,1.3599999999999999,0.00025916856437766114
786,1.3599999999999999,0.00025916856437766114
787,1.45,0.00027631942525559465
788,1.81,0.0003449228687673285
789,4.87,0.0009280521386170661
790,1.09,0.00020771598174386082
791,1.09,0.00020771598174386082
792,8.02,0.0015283322693447371
793,1.63,0.00031062114701146156
794,1.54,0.0002934702861335281
795,3.07,0.0005850349210583969
796,1.54,0.0002934702861335281
797,14.5,0.0027631942525559463
798,21.07,0.004015207096645089
799,1.9,0.00036207372964526194
800,1.09,0.00020771598174386082
801,1.63,0.00031062114701146156
802,1.54,0.0002934702861335281
803,1.45,0.00027631942525559465
804,3.79,0.0007222418080818646
805,1.09,0.00020771598174386082
806,3.88,0.0007393926689597981
807,2.35,0.0004478280340349293
808,1.63,0.00031062114701146156
809,2.71,0.000516431477546663
810,1.09,0.00020771598174386082
811,1.27,0.00024201770349972773
812,1.18,0.00022486684262179425
813,1.3599999999999999,0.00025916856437766114
814,1.09,0.00020771598174386082
815,1.9,0.00036207372964526194
816,1.54,0.0002934702861335281
817,1.27,0.00024201770349972773
818,1.18,0.00022486684262179425
819,1.09,0.00020771598174386082
820,1.3599999999999999,0.00025916856437766114
821,1.09,0.00020771598174386082
822,1.3599999999999999,0.00025916856437766114
823,3.52,0.0006707892254480643
824,1.09,0.00020771598174386082
825,3.25,0.0006193366428142639
826,1.45,0.00027631942525559465
827,1.09,0.00020771598174386082
828,1.27,0.00024201770349972773
829,70.93,0.013516784023020227
830,2.98,0.0005678840601804634
831,2.8,0.0005335823384245965
832,4.42,0.0008422978342273988
833,1.3599999999999999,0.00025916856437766114
834,2.17,0.0004135263122790623
835,1.09,0.00020771598174386082
836,1.18,0.00022486684262179425
837,6.85,0.0013053710779316022
838,1.99,0.0003792245905231954
839,1.09,0.00020771598174386082
840,2.26,0.00043067717315699576
841,1.18,0.00022486684262179425
842,1.09,0.00020771598174386082
843,1.54,0.0002934702861335281
844,1.27,0.00024201770349972773
845,1.09,0.00020771598174386082
846,2.08,0.0003963754514011289
847,1.18,0.00022486684262179425
848,2.98,0.0005678840601804634
849,1.45,0.00027631942525559465
850,1.9,0.00036207372964526194
851,2.44,0.0004649788949128627
852,1.09,0.00020771598174386082
853,4.24,0.0008079961124715319
854,1.09,0.00020771598174386082
855,1.45,0.00027631942525559465
856,1.09,0.00020771598174386082
857,1.54,0.0002934702861335281
858,1.45,0.00027631942525559465
859,1.54,0.0002934702861335281
860,5.95,0.0011338624691522676
861,4.24,0.0008079961124715319
862,5.41,0.0010309573038846669
863,1.72,0.000327772007889395
864,1.72,0.000327772007889395
865,1.72,0.000327772007889395
866,1.72,0.000327772007889395
867,1.9,0.00036207372964526194
868,1.63,0.00031062114701146156
869,1.54,0.0002934702861335281
870,1.27,0.00024201770349972773
871,1.09,0.00020771598174386082
872,1.27,0.00024201770349972773
873,1.72,0.000327772007889395
874,11.35,0.002162914121828275
875,1.99,0.0003792245905231954
876,8.11,0.0015454831302226706
877,1.9,0.00036207372964526194
878,1.45,0.00027631942525559465
879,2.35,0.0004478280340349293
880,1.27,0.00024201770349972773
881,2.5300000000000002,0.00048212975579079624
882,2.8,0.0005335823384245965
883,30.34,0.005781745767072235
884,1.18,0.00022486684262179425
885,1.27,0.00024201770349972773
886,7.93,0.0015111814084668037
887,1.81,0.0003449228687673285
888,2.08,0.0003963754514011289
889,1.3599999999999999,0.00025916856437766114
890,1.72,0.000327772007889395
891,1.81,0.0003449228687673285
892,1.27,0.00024201770349972773
893,1.3599999999999999,0.00025916856437766114
894,1.09,0.00020771598174386082
895,1.45,0.00027631942525559465
896,19.09,0.003637888157330553
897,2.98,0.0005678840601804634
898,1.09,0.00020771598174386082
899,2.71,0.000516431477546663
900,1.27,0.00024201770349972773
901,1.09,0.00020771598174386082
902,2.17,0.0004135263122790623
903,4.15,0.0007908452515935986
904,1.54,0.0002934702861335281
905,1.09,0.00020771598174386082
906,1.27,0.00024201770349972773
907,1.99,0.0003792245905231954
908,22.78,0.004341073453325825
909,3.43,0.0006536383645701308
910,1.09,0.00020771598174386082
911,2.44,0.0004649788949128627
912,3.07,0.0005850349210583969
913,1.3599999999999999,0.00025916856437766114
914,22.33,0.004255319148936157
915,2.08,0.0003963754514011289
916,1.09,0.00020771598174386082
917,2.62,0.0004992806166687297
918,1.27,0.00024201770349972773
919,2.08,0.0003963754514011289
920,1.45,0.00027631942525559465
921,1.18,0.00022486684262179425
922,3.7,0.0007050909472039312
923,1.27,0.00024201770349972773
924,1.3599999999999999,0.00025916856437766114
925,6.22,0.001185315051786068
926,11.53,0.002197215843584142
927,1.54,0.0002934702861335281
928,1.99,0.0003792245905231954
929,1.72,0.000327772007889395
930,1.09,0.00020771598174386082
931,1.54,0.0002934702861335281
932,1.45,0.00027631942525559465
933,1.09,0.00020771598174386082
934,1.72,0.000327772007889395
935,3.07,0.0005850349210583969
936,1.72,0.000327772007889395
937,2.44,0.0004649788949128627
938,1.54,0.0002934702861335281
939,1.99,0.0003792245905231954
940,1.72,0.000327772007889395
941,1.54,0.0002934702861335281
942,3.16,0.0006021857819363304
943,1.99,0.0003792245905231954
944,1.09,0.00020771598174386082
945,31.96,0.006090461262875038
946,2.26,0.00043067717315699576
947,3.16,0.0006021857819363304
948,6.31,0.0012024659126640014
949,16.48,0.0031405131918704828
950,2.98,0.0005678840601804634
951,2.08,0.0003963754514011289
952,1.72,0.000327772007889395
953,1.72,0.000327772007889395
954,4.33,0.0008251469733494654
955,1.45,0.00027631942525559465
956,1.72,0.000327772007889395
957,1.72,0.000327772007889395
958,1.9,0.00036207372964526194
959,1.72,0.000327772007889395
960,1.72,0.000327772007889395
961,2.26,0.00043067717315699576
962,1.18,0.00022486684262179425
963,4.24,0.0008079961124715319
964,1.72,0.000327772007889395
965,1.27,0.00024201770349972773
966,1.09,0.00020771598174386082
967,1.72,0.000327772007889395
968,2.5300000000000002,0.00048212975579079624
969,1.09,0.00020771598174386082
970,1.3599999999999999,0.00025916856437766114
971,1.09,0.00020771598174386082
972,1.3599999999999999,0.00025916856437766114
973,2.08,0.0003963754514011289
974,1.72,0.000327772007889395
975,1.63,0.00031062114701146156
976,1.18,0.00022486684262179425
977,1.72,0.000327772007889395
978,1.27,0.00024201770349972773
979,1.54,0.0002934702861335281
980,2.35,0.0004478280340349293
981,1.9,0.00036207372964526194
982,2.44,0.0004649788949128627
983,1.09,0.00020771598174386082
984,2.44,0.0004649788949128627
985,1.09,0.00020771598174386082
986,1.09,0.00020771598174386082
987,1.09,0.00020771598174386082
988,5.14,0.0009795047212508665
989,9.37,0.001785595182513739
990,1.81,0.0003449228687673285
991,4.24,0.0008079961124715319
992,2.5300000000000002,0.00048212975579079624
993,1.72,0.000327772007889395
994,6.49,0.0012367676344198686
995,1.09,0.00020771598174386082
996,3.52,0.0006707892254480643
997,1.27,0.00024201770349972773
998,1.54,0.0002934702861335281
999,1.72,0.000327772007889395
1000,4.6,0.0008765995559832657
1001,6.94,0.0013225219388095359
1002,1.99,0.0003792245905231954
1003,1.54,0.0002934702861335281
1004,2.17,0.0004135263122790623
1005,1.27,0.00024201770349972773
1006,3.7,0.0007050909472039312
1007,1.27,0.00024201770349972773
1008,4.51,0.0008594486951053323
1009,1.99,0.0003792245905231954
1010,1.09,0.00020771598174386082
1011,1.27,0.00024201770349972773
1012,1.18,0.00022486684262179425
1013,1.54,0.0002934702861335281
1014,290.44,0.055347733704299934
1015,1.09,0.00020771598174386082
1016,1.45,0.00027631942525559465
1017,2.17,0.0004135263122790623
1018,1.09,0.00020771598174386082
1019,1.3599999999999999,0.00025916856437766114
1020,1.3599999999999999,0.00025916856437766114
1021,1.3599999999999999,0.00025916856437766114
1022,3.34,0.0006364875036921973
1023,7.12,0.0013568236605654028
1024,1.09,0.00020771598174386082
1025,1.27,0.00024201770349972773
1026,1.81,0.0003449228687673285
1027,1.18,0.00022486684262179425
1028,1.09,0.00020771598174386082
1029,1.63,0.00031062114701146156
1030,1.18,0.00022486684262179425
1031,5.41,0.0010309573038846669
1032,2.08,0.0003963754514011289
1033,1.18,0.00022486684262179425
1034,2.08,0.0003963754514011289
1035,10.63,0.002025707234804808
1036,1.9,0.00036207372964526194
1037,1.72,0.000327772007889395
1038,1.09,0.00020771598174386082
1039,2.08,0.0003963754514011289
1040,1.09,0.00020771598174386082
1041,14.14,0.002694590809044213
1042,2.5300000000000002,0.00048212975579079624
1043,6.13,0.0011681641909081345
1044,1.72,0.000327772007889395
1045,1.45,0.00027631942525559465
1046,1.3599999999999999,0.00025916856437766114
1047,1.09,0.00020771598174386082
1048,2.08,0.0003963754514011289
1049,1.45,0.00027631942525559465
1050,1.63,0.00031062114701146156
1051,2.98,0.0005678840601804634
1052,1.27,0.00024201770349972773
1053,3.7,0.0007050909472039312
1054,1.99,0.0003792245905231954
1055,4.42,0.0008422978342273988
1056,1.09,0.00020771598174386082
1057,1.45,0.00027631942525559465
1058,1.09,0.00020771598174386082
1059,2.8899999999999997,0.00055073319930253
1060,1.99,0.0003792245905231954
1061,2.5300000000000002,0.00048212975579079624
1062,1.09,0.00020771598174386082
1063,1.54,0.0002934702861335281
1064,1.3599999999999999,0.00025916856437766114
1065,1.09,0.00020771598174386082
1066,2.98,0.0005678840601804634
1067,4.51,0.0008594486951053323
1068,1.18,0.00022486684262179425
1069,2.62,0.0004992806166687297
1070,1.3599999999999999,0.00025916856437766114
1071,18.28,0.003483530409429152
1072,4.87,0.0009280521386170661
1073,14.59,0.00278034511343388
1074,1.45,0.00027631942525559465
1075,4.6899999999999995,0.0008937504168611991
1076,1.27,0.00024201770349972773
1077,1.45,0.00027631942525559465
1078,1.09,0.00020771598174386082
1079,1.09,0.00020771598174386082
1080,1.72,0.000327772007889395
1081,9.73,0.001854198626025473
1082,1.54,0.0002934702861335281
1083,1.18,0.00022486684262179425
1084,4.96,0.0009452029994949996
1085,1.45,0.00027631942525559465
1086,1.99,0.0003792245905231954
1087,2.08,0.0003963754514011289
1088,2.98,0.0005678840601804634
1089,1.18,0.00022486684262179425
1090,1.18,0.00022486684262179425
1091,1.18,0.00022486684262179425
1092,1.9,0.00036207372964526194
1093,1.27,0.00024201770349972773
1094,4.51,0.0008594486951053323
1095,1.72,0.000327772007889395
1096,11.62,0.0022143667044620756
1097,9.64,0.0018370477651475396
1098,1.18,0.00022486684262179425
1099,1.18,0.00022486684262179425
1100,1.45,0.00027631942525559465
1101,2.17,0.0004135263122790623
1102,1.9,0.00036207372964526194
1103,9.55,0.0018198969042696063
1104,1.09,0.00020771598174386082
1105,2.62,0.0004992806166687297
1106,1.45,0.00027631942525559465
1107,1.27,0.00024201770349972773
1108,1.09,0.00020771598174386082
1109,8.379999999999999,0.001596935712856471
1110,1.09,0.00020771598174386082
1111,1.27,0.00024201770349972773
1112,1.09,0.00020771598174386082
1113,1.63,0.00031062114701146156
1114,1.09,0.00020771598174386082
1115,1.09,0.00020771598174386082
1116,1.09,0.00020771598174386082
1117,2.5300000000000002,0.00048212975579079624
1118,1.18,0.00022486684262179425
1119,1.09,0.00020771598174386082
1120,2.26,0.00043067717315699576
1121,3.16,0.0006021857819363304
1122,1.54,0.0002934702861335281
1123,1.09,0.00020771598174386082
1124,1.45,0.00027631942525559465
1125,1.72,0.000327772007889395
1126,1.72,0.000327772007889395
1127,3.25,0.0006193366428142639
1128,1.3599999999999999,0.00025916856437766114
1129,1.09,0.00020771598174386082
1130,4.15,0.0007908452515935986
1131,17.92,0.003414926965917418
1132,1.45,0.00027631942525559465
1133,3.34,0.0006364875036921973
1134,1.09,0.00020771598174386082
1135,1.18,0.00022486684262179425
1136,9.46,0.0018027460433916729
1137,1.3599999999999999,0.00025916856437766114
1138,1.72,0.000327772007889395
1139,1.09,0.00020771598174386082
1140,1.99,0.0003792245905231954
1141,1.09,0.00020771598174386082
1142,1.54,0.0002934702861335281
1143,7.84,0.0014940305475888702
1144,1.09,0.00020771598174386082
1145,7.84,0.0014940305475888702
1146,1.9,0.00036207372964526194
1147,1.18,0.00022486684262179425
1148,1.3599999999999999,0.00025916856437766114
1149,1.09,0.00020771598174386082
1150,3.97,0.0007565435298377316
1151,1.09,0.00020771598174386082
1152,1.09,0.00020771598174386082
1153,1.54,0.0002934702861335281
1154,2.26,0.00043067717315699576
1155,1.09,0.00020771598174386082
1156,1.72,0.000327772007889395
1157,2.8,0.0005335823384245965
1158,1.09,0.00020771598174386082
1159,1.72,0.000327772007889395
1160,1.27,0.00024201770349972773
1161,1.27,0.00024201770349972773
1162,16.57,0.003157664052748416
1163,1.3599999999999999,0.00025916856437766114
1164,1.09,0.00020771598174386082
1165,1.09,0.00020771598174386082
1166,1.09,0.00020771598174386082
1167,1.09,0.00020771598174386082
1168,1.27,0.00024201770349972773
1169,1.3599999999999999,0.00025916856437766114
1170,1.09,0.00020771598174386082
1171,3.16,0.0006021857819363304
1172,1.3599999999999999,0.00025916856437766114
1173,1.09,0.00020771598174386082
1174,1.09,0.00020771598174386082
1175,1.45,0.00027631942525559465
1176,3.97,0.0007565435298377316
1177,1.27,0.00024201770349972773
1178,1.09,0.00020771598174386082
1179,11.44,0.0021800649827062087
1180,18.82,0.0035864355746967527
1181,5.77,0.0010995607473964007
1182,16.39,0.003123362330992549
1183,1.09,0.00020771598174386082
1184,1.99,0.0003792245905231954
1185,1.81,0.0003449228687673285
1186,2.44,0.0004649788949128627
1187,1.09,0.00020771598174386082
1188,3.07,0.0005850349210583969
1189,3.88,0.0007393926689597981
1190,1.09,0.00020771598174386082
1191,1.09,0.00020771598174386082
1192,1.9,0.00036207372964526194
1193,1.3599999999999999,0.00025916856437766114
1194,1.72,0.000327772007889395
1195,1.81,0.0003449228687673285
1196,1.63,0.00031062114701146156
1197,1.81,0.0003449228687673285
1198,1.9,0.00036207372964526194
1199,1.99,0.0003792245905231954
1200,9.73,0.001854198626025473
1201,1.63,0.00031062114701146156
1202,2.62,0.0004992806166687297
1203,1.63,0.00031062114701146156
1204,1.27,0.00024201770349972773
1205,3.97,0.0007565435298377316
1206,4.42,0.0008422978342273988
1207,4.15,0.0007908452515935986
1208,1.9,0.00036207372964526194
1209,1.54,0.0002934702861335281
1210,1.3599999999999999,0.00025916856437766114
1211,3.7,0.0007050909472039312
1212,1.09,0.00020771598174386082
1213,1.09,0.00020771598174386082
1214,1.18,0.00022486684262179425
1215,1.27,0.00024201770349972773
1216,6.4,0.0012196167735419351
1217,1.09,0.00020771598174386082
1218,1.9,0.00036207372964526194
1219,1.27,0.00024201770349972773
1220,1.81,0.0003449228687673285
1221,3.43,0.0006536383645701308
1222,3.79,0.0007222418080818646
1223,1.45,0.00027631942525559465
1224,8.11,0.0015454831302226706
1225,1.18,0.00022486684262179425
1226,3.34,0.0006364875036921973
1227,1.99,0.0003792245905231954
1228,1.18,0.00022486684262179425
1229,1.18,0.00022486684262179425
1230,1.09,0.00020771598174386082
1231,1.18,0.00022486684262179425
1232,1.99,0.0003792245905231954
1233,1.54,0.0002934702861335281
1234,68.14,0.01298510733580429
1235,1.09,0.00020771598174386082
1236,1.3599999999999999,0.00025916856437766114
1237,1.63,0.00031062114701146156
1238,1.45,0.00027631942525559465
1239,1.72,0.000327772007889395
1240,2.5300000000000002,0.00048212975579079624
1241,3.7,0.0007050909472039312
1242,8.379999999999999,0.001596935712856471
1243,2.62,0.0004992806166687297
1244,1.09,0.00020771598174386082
1245,1.72,0.000327772007889395
1246,1.18,0.00022486684262179425
1247,1.63,0.00031062114701146156
1248,3.25,0.0006193366428142639
1249,2.44,0.0004649788949128627
1250,1.3599999999999999,0.00025916856437766114
1251,1.45,0.00027631942525559465
1252,1.3599999999999999,0.00025916856437766114
1253,3.43,0.0006536383645701308
1254,2.26,0.00043067717315699576
1255,2.26,0.00043067717315699576
1256,4.33,0.0008251469733494654
1257,1.54,0.0002934702861335281
1258,3.34,0.0006364875036921973
1259,2.08,0.0003963754514011289
1260,1.18,0.00022486684262179425
1261,1.09,0.00020771598174386082
1262,1.18,0.00022486684262179425
1263,2.26,0.00043067717315699576
1264,1.09,0.00020771598174386082
1265,1.3599999999999999,0.00025916856437766114
1266,1.09,0.00020771598174386082
1267,1.09,0.00020771598174386082
1268,2.17,0.0004135263122790623
1269,1.27,0.00024201770349972773
1270,1.3599999999999999,0.00025916856437766114
1271,1.54,0.0002934702861335281
1272,1.09,0.00020771598174386082
1273,1.09,0.00020771598174386082
1274,7.03,0.0013396727996874693
1275,1.99,0.0003792245905231954
1276,1.09,0.00020771598174386082
1277,3.79,0.0007222418080818646
1278,1.3599999999999999,0.00025916856437766114
1279,1.09,0.00020771598174386082
1280,6.67,0.0012710693561757353
1281,7.39,0.001408276243199203
1282,3.88,0.0007393926689597981
1283,1.09,0.00020771598174386082
1284,1.09,0.00020771598174386082
1285,1.45,0.00027631942525559465
1286,4.6,0.0008765995559832657
1287,7.03,0.0013396727996874693
1288,1.27,0.00024201770349972773
1289,1.09,0.00020771598174386082
1290,20.71,0.0039466036531333555
1291,1.99,0.0003792245905231954
1292,2.35,0.0004478280340349293
1293,1.63,0.00031062114701146156
1294,1.45,0.00027631942525559465
1295,1.27,0.00024201770349972773
1296,1.3599999999999999,0.00025916856437766114
1297,2.08,0.0003963754514011289
1298,3.25,0.0006193366428142639
1299,1.27,0.00024201770349972773
1300,1.09,0.00020771598174386082
1301,6.31,0.0012024659126640014
1302,1.72,0.000327772007889395
1303,3.88,0.0007393926689597981
1304,1.27,0.00024201770349972773
1305,1.18,0.00022486684262179425
1306,1.45,0.00027631942525559465
1307,3.43,0.0006536383645701308
1308,1.81,0.0003449228687673285
1309,1.09,0.00020771598174386082
1310,9.01,0.0017169917390020054
1311,1.3599999999999999,0.00025916856437766114
1312,1.27,0.00024201770349972773
1313,1.54,0.0002934702861335281
1314,1.54,0.0002934702861335281
1315,9.37,0.001785595182513739
1316,3.25,0.0006193366428142639
1317,4.0600000000000005,0.0007736943907156651
1318,2.8899999999999997,0.00055073319930253
1319,8.65,0.0016483882954902716
1320,21.52,0.004100961401034756
1321,13.6,0.0025916856437766117
1322,1.27,0.00024201770349972773
1323,1.9,0.00036207372964526194
1324,1.9,0.00036207372964526194
1325,1.09,0.00020771598174386082
1326,1.72,0.000327772007889395
1327,4.51,0.0008594486951053323
1328,1.09,0.00020771598174386082
1329,1.09,0.00020771598174386082
1330,1.09,0.00020771598174386082
1331,1.54,0.0002934702861335281
1332,55.99,0.010669741117283272
1333,5.41,0.0010309573038846669
1334,1.09,0.00020771598174386082
1335,1.3599999999999999,0.00025916856437766114
1336,4.0600000000000005,0.0007736943907156651
1337,5.32,0.0010138064430067334
1338,23.14,0.004409676896837559
1339,1.18,0.00022486684262179425
1340,3.97,0.0007565435298377316
1341,1.09,0.00020771598174386082
1342,1.09,0.00020771598174386082
