CODE,AREA_HA,PROPORTION
1,1.18,0.000305434402785148
2,1.18,0.000305434402785148
3,1.09,0.0002821385585049249
4,1.18,0.000305434402785148
5,1.63,0.00042191362418626376
6,1.18,0.000305434402785148
7,1.09,0.0002821385585049249
8,1.27,0.00032873024706537115
9,1.18,0.000305434402785148
10,3.88,0.0010043097311918426
11,1.09,0.0002821385585049249
12,1.18,0.000305434402785148
13,1.09,0.0002821385585049249
14,1.27,0.00032873024706537115
15,1.99,0.0005150970013071564
16,5.14,0.0013304515511149667
17,1.27,0.00032873024706537115
18,30.52,0.007899879638137895
19,1.27,0.00032873024706537115
20,1.09,0.0002821385585049249
21,1.18,0.000305434402785148
22,24.94,0.006455537292764061
23,4.51,0.0011673806411534047
24,1.9,0.0004918011570269332
25,1.63,0.00042191362418626376
26,1.99,0.0005150970013071564
27,1.27,0.00032873024706537115
28,1.09,0.0002821385585049249
29,1.18,0.000305434402785148
30,6.13,0.0015867058381974213
31,1.09,0.0002821385585049249
32,1.18,0.000305434402785148
33,1.45,0.00037532193562581746
34,1.63,0.00042191362418626376
35,2.08,0.0005383928455873796
36,1.09,0.0002821385585049249
37,1.18,0.000305434402785148
38,8.02,0.0020759185680821073
39,1.99,0.0005150970013071564
40,1.72,0.0004452094684664869
41,7.93,0.0020526227238018844
42,1.09,0.0002821385585049249
43,1.27,0.00032873024706537115
44,2.17,0.0005616886898676027
45,3.97,0.0010276055754720658
46,2.71,0.0007014637555489416
47,1.18,0.000305434402785148
48,1.09,0.0002821385585049249
49,1.54,0.0003986177799060406
50,1.54,0.0003986177799060406
51,1.27,0.00032873024706537115
52,1.18,0.000305434402785148
53,1.18,0.000305434402785148
54,1.3599999999999999,0.0003520260913455943
55,5.05,0.0013071557068347435
56,1.81,0.00046850531274671007
57,1.18,0.000305434402785148
58,1.54,0.0003986177799060406
59,2.26,0.0005849845341478258
60,1.09,0.0002821385585049249
61,1.09,0.0002821385585049249
62,4.6,0.0011906764854336276
63,1.45,0.00037532193562581746
64,1.63,0.00042191362418626376
65,1.3599999999999999,0.0003520260913455943
66,2.17,0.0005616886898676027
67,1.27,0.00032873024706537115
68,1.09,0.0002821385585049249
69,1.27,0.00032873024706537115
70,2.26,0.0005849845341478258
71,1.3599999999999999,0.0003520260913455943
72,2.98,0.0007713512883896111
73,1.09,0.0002821385585049249
74,1.09,0.0002821385585049249
75,1.3599999999999999,0.0003520260913455943
76,1.27,0.00032873024706537115
77,3.52,0.00091112635407095
78,1.3599999999999999,0.0003520260913455943
79,1.09,0.0002821385585049249
80,1.81,0.00046850531274671007
81,1.18,0.000305434402785148
82,2.17,0.0005616886898676027
83,1.27,0.00032873024706537115
84,1.72,0.0004452094684664869
85,1.18,0.000305434402785148
86,1.72,0.0004452094684664869
87,1.09,0.0002821385585049249
88,1.18,0.000305434402785148
89,1.63,0.00042191362418626376
90,1.54,0.0003986177799060406
91,1.09,0.0002821385585049249
92,1.09,0.0002821385585049249
93,1.18,0.000305434402785148
94,1.18,0.000305434402785148
95,7.21,0.0018662559695600993
96,1.09,0.0002821385585049249
97,1.09,0.0002821385585049249
98,1.45,0.00037532193562581746
99,1.63,0.00042191362418626376
100,1.81,0.00046850531274671007
101,1.18,0.000305434402785148
102,1.09,0.0002821385585049249
103,2.8,0.0007247595998291647
104,1.09,0.0002821385585049249
105,1.09,0.0002821385585049249
106,1.09,0.0002821385585049249
107,1.09,0.0002821385585049249
108,1.18,0.000305434402785148
109,1.27,0.00032873024706537115
110,1.3599999999999999,0.0003520260913455943
111,3.88,0.0010043097311918426
112,4.6,0.0011906764854336276
113,1.18,0.000305434402785148
114,1.09,0.0002821385585049249
115,3.16,0.0008179429769500574
116,1.09,0.0002821385585049249
117,1.09,0.0002821385585049249
118,1.09,0.0002821385585049249
119,1.18,0.000305434402785148
120,2.08,0.0005383928455873796
121,1.09,0.0002821385585049249
122,1.54,0.0003986177799060406
123,2.35,0.000608280378428049
124,1.18,0.000305434402785148
125,1.09,0.0002821385585049249
126,1.63,0.00042191362418626376
127,12.61,0.0032640066263734885
128,1.09,0.0002821385585049249
129,1.81,0.00046850531274671007
130,1.99,0.0005150970013071564
131,3.16,0.0008179429769500574
132,1.09,0.0002821385585049249
133,3.52,0.00091112635407095
134,3.88,0.0010043097311918426
135,1.3599999999999999,0.0003520260913455943
136,26.38,0.006828270801247631
137,5.23,0.00135374739539519
138,1.27,0.00032873024706537115
139,6.22,0.0016100016824776445
140,3.52,0.00091112635407095
141,1.18,0.000305434402785148
142,1.09,0.0002821385585049249
143,2.44,0.0006315762227082721
144,1.09,0.0002821385585049249
145,1.45,0.00037532193562581746
146,1.18,0.000305434402785148
147,1.09,0.0002821385585049249
148,1.09,0.0002821385585049249
149,1.54,0.0003986177799060406
150,1.09,0.0002821385585049249
151,2.71,0.0007014637555489416
152,3.16,0.0008179429769500574
153,2.44,0.0006315762227082721
154,1.99,0.0005150970013071564
155,1.3599999999999999,0.0003520260913455943
156,1.72,0.0004452094684664869
157,2.17,0.0005616886898676027
158,3.7,0.0009577180426313963
159,12.52,0.003240710782093265
160,1.09,0.0002821385585049249
161,2.26,0.0005849845341478258
162,1.54,0.0003986177799060406
163,1.63,0.00042191362418626376
164,1.09,0.0002821385585049249
165,1.09,0.0002821385585049249
166,1.18,0.000305434402785148
167,1.27,0.00032873024706537115
168,1.81,0.00046850531274671007
169,1.9,0.0004918011570269332
170,1.27,0.00032873024706537115
171,14.05,0.003636740134857059
172,2.71,0.0007014637555489416
173,10.63,0.0027514980522085793
174,1.18,0.000305434402785148
175,2.62,0.0006781679112687185
176,3.79,0.0009810138869116194
177,2.8,0.0007247595998291647
178,1.09,0.0002821385585049249
179,27.82,0.007201004309731201
180,1.09,0.0002821385585049249
181,1.09,0.0002821385585049249
182,1.09,0.0002821385585049249
183,1.09,0.0002821385585049249
184,1.18,0.000305434402785148
185,1.27,0.00032873024706537115
186,2.8,0.0007247595998291647
187,1.09,0.0002821385585049249
188,2.26,0.0005849845341478258
189,1.81,0.00046850531274671007
190,3.88,0.0010043097311918426
191,3.79,0.0009810138869116194
192,1.3599999999999999,0.0003520260913455943
193,1.18,0.000305434402785148
194,17.92,0.004638461438906655
195,1.09,0.0002821385585049249
196,1.09,0.0002821385585049249
197,1.09,0.0002821385585049249
198,1.45,0.00037532193562581746
199,1.63,0.00042191362418626376
200,1.09,0.0002821385585049249
201,1.18,0.000305434402785148
202,6.04,0.0015634099939171983
203,1.09,0.0002821385585049249
204,1.3599999999999999,0.0003520260913455943
205,1.9,0.0004918011570269332
206,1.72,0.0004452094684664869
207,1.09,0.0002821385585049249
208,1.27,0.00032873024706537115
209,1.09,0.0002821385585049249
210,8.2,0.0021225102566425538
211,1.09,0.0002821385585049249
212,5.86,0.0015168183053567521
213,1.63,0.00042191362418626376
214,1.45,0.00037532193562581746
215,1.81,0.00046850531274671007
216,1.45,0.00037532193562581746
217,1.3599999999999999,0.0003520260913455943
218,1.09,0.0002821385585049249
219,1.18,0.000305434402785148
220,1.09,0.0002821385585049249
221,1.09,0.0002821385585049249
222,1.09,0.0002821385585049249
223,1.45,0.00037532193562581746
224,1.18,0.000305434402785148
225,1.9,0.0004918011570269332
226,1.09,0.0002821385585049249
227,2.35,0.000608280378428049
228,1.09,0.0002821385585049249
229,1.09,0.0002821385585049249
230,1.09,0.0002821385585049249
231,1.27,0.00032873024706537115
232,1.18,0.000305434402785148
233,7.66,0.001982735190961215
234,1.54,0.0003986177799060406
235,1.18,0.000305434402785148
236,1.3599999999999999,0.0003520260913455943
237,1.09,0.0002821385585049249
238,9.73,0.0025185396094063476
239,1.72,0.0004452094684664869
240,1.54,0.0003986177799060406
241,1.3599999999999999,0.0003520260913455943
242,1.09,0.0002821385585049249
243,1.09,0.0002821385585049249
244,2.17,0.0005616886898676027
245,3.52,0.00091112635407095
246,1.18,0.000305434402785148
247,1.45,0.00037532193562581746
248,1.3599999999999999,0.0003520260913455943
249,1.09,0.0002821385585049249
250,1.9,0.0004918011570269332
251,2.8,0.0007247595998291647
252,3.79,0.0009810138869116194
253,1.09,0.0002821385585049249
254,1.09,0.0002821385585049249
255,1.3599999999999999,0.0003520260913455943
256,1.72,0.0004452094684664869
257,2.08,0.0005383928455873796
258,1.54,0.0003986177799060406
259,1.63,0.00042191362418626376
260,7.75,0.0020060310352414384
261,2.98,0.0007713512883896111
262,1.09,0.0002821385585049249
263,9.01,0.0023321728551645624
264,1.09,0.0002821385585049249
265,6.67,0.0017264809038787603
266,1.18,0.000305434402785148
267,1.09,0.0002821385585049249
268,1.63,0.00042191362418626376
269,4.33,0.0011207889525929585
270,224.65,0.058149015750579236
271,4.6899999999999995,0.0012139723297138509
272,1.18,0.000305434402785148
273,1.09,0.0002821385585049249
274,1.3599999999999999,0.0003520260913455943
275,1.09,0.0002821385585049249
276,5.14,0.0013304515511149667
277,1.09,0.0002821385585049249
278,1.54,0.0003986177799060406
279,1.18,0.000305434402785148
280,1.3599999999999999,0.0003520260913455943
281,1.18,0.000305434402785148
282,1.09,0.0002821385585049249
283,1.09,0.0002821385585049249
284,2.98,0.0007713512883896111
285,1.09,0.0002821385585049249
286,1.18,0.000305434402785148
287,1.27,0.00032873024706537115
288,1.63,0.00042191362418626376
289,1.09,0.0002821385585049249
290,1.18,0.000305434402785148
291,1.09,0.0002821385585049249
292,1.09,0.0002821385585049249
293,1.45,0.00037532193562581746
294,1.09,0.0002821385585049249
295,1.45,0.00037532193562581746
296,1.09,0.0002821385585049249
297,1.09,0.0002821385585049249
298,1.63,0.00042191362418626376
299,1.09,0.0002821385585049249
300,10.18,0.0026350188308074634
301,1.18,0.000305434402785148
302,4.87,0.0012605640182742973
303,2.35,0.000608280378428049
304,1.18,0.000305434402785148
305,1.45,0.00037532193562581746
306,1.45,0.00037532193562581746
307,1.09,0.0002821385585049249
308,1.3599999999999999,0.0003520260913455943
309,1.72,0.0004452094684664869
310,2.98,0.0007713512883896111
311,2.8899999999999997,0.0007480554441093878
312,1.18,0.000305434402785148
313,1.45,0.00037532193562581746
314,1.09,0.0002821385585049249
315,1.3599999999999999,0.0003520260913455943
316,2.17,0.0005616886898676027
317,1.27,0.00032873024706537115
318,2.17,0.0005616886898676027
319,25.21,0.00652542482560473
320,1.81,0.00046850531274671007
321,50.68,0.013118148756907881
322,1.99,0.0005150970013071564
323,4.33,0.0011207889525929585
324,2.8899999999999997,0.0007480554441093878
325,1.09,0.0002821385585049249
326,1.09,0.0002821385585049249
327,1.09,0.0002821385585049249
328,11.35,0.002937864806450364
329,3.7,0.0009577180426313963
330,1.72,0.0004452094684664869
331,10.99,0.0028446814293294717
332,1.09,0.0002821385585049249
333,1.09,0.0002821385585049249
334,17.2,0.004452094684664869
335,1.09,0.0002821385585049249
336,3.61,0.0009344221983511731
337,1.09,0.0002821385585049249
338,1.54,0.0003986177799060406
339,2.44,0.0006315762227082721
340,1.3599999999999999,0.0003520260913455943
341,1.72,0.0004452094684664869
342,1.09,0.0002821385585049249
343,2.5300000000000002,0.0006548720669884954
344,6.76,0.0017497767481589835
345,7.57,0.001959439346680992
346,1.27,0.00032873024706537115
347,1.45,0.00037532193562581746
348,1.63,0.00042191362418626376
349,1.27,0.00032873024706537115
350,3.25,0.0008412388212302805
351,8.74,0.002262285322323893
352,4.24,0.0010974931083127352
353,1.45,0.00037532193562581746
354,1.09,0.0002821385585049249
355,2.26,0.0005849845341478258
356,1.09,0.0002821385585049249
357,1.27,0.00032873024706537115
358,1.18,0.000305434402785148
359,3.61,0.0009344221983511731
360,3.25,0.0008412388212302805
361,1.18,0.000305434402785148
362,1.18,0.000305434402785148
363,1.09,0.0002821385585049249
364,2.08,0.0005383928455873796
365,1.18,0.000305434402785148
366,1.18,0.000305434402785148
367,1.18,0.000305434402785148
368,1.09,0.0002821385585049249
369,2.35,0.000608280378428049
370,1.27,0.00032873024706537115
371,1.27,0.00032873024706537115
372,5.41,0.0014003390839556363
373,1.3599999999999999,0.0003520260913455943
374,1.09,0.0002821385585049249
375,1.27,0.00032873024706537115
376,1.18,0.000305434402785148
377,1.09,0.0002821385585049249
378,36.91,0.00955388458203374
379,1.27,0.00032873024706537115
380,1.09,0.0002821385585049249
381,1.09,0.0002821385585049249
382,8.379999999999999,0.002169101945203
383,1.09,0.0002821385585049249
384,1.27,0.00032873024706537115
385,6.67,0.0017264809038787603
386,1.72,0.0004452094684664869
387,1.09,0.0002821385585049249
388,1.54,0.0003986177799060406
389,1.45,0.00037532193562581746
390,1.54,0.0003986177799060406
391,43.93,0.011370960435891145
392,1.18,0.000305434402785148
393,1.3599999999999999,0.0003520260913455943
394,1.18,0.000305434402785148
395,1.45,0.00037532193562581746
396,1.09,0.0002821385585049249
397,1.45,0.00037532193562581746
398,1.09,0.0002821385585049249
399,2.8,0.0007247595998291647
400,1.27,0.00032873024706537115
401,3.25,0.0008412388212302805
402,2.35,0.000608280378428049
403,1.18,0.000305434402785148
404,1.09,0.0002821385585049249
405,1.72,0.0004452094684664869
406,2.8,0.0007247595998291647
407,1.18,0.000305434402785148
408,6.22,0.0016100016824776445
409,1.54,0.0003986177799060406
410,1.09,0.0002821385585049249
411,1.09,0.0002821385585049249
412,1.09,0.0002821385585049249
413,1.09,0.0002821385585049249
414,1.09,0.0002821385585049249
415,1.3599999999999999,0.0003520260913455943
416,4.6,0.0011906764854336276
417,1.54,0.0003986177799060406
418,1.27,0.00032873024706537115
419,5.23,0.00135374739539519
420,3.34,0.0008645346655105036
421,1.09,0.0002821385585049249
422,1.99,0.0005150970013071564
423,1.09,0.0002821385585049249
424,1.09,0.0002821385585049249
425,26.38,0.006828270801247631
426,1.18,0.000305434402785148
427,1.45,0.00037532193562581746
428,7.57,0.001959439346680992
429,2.35,0.000608280378428049
430,3.25,0.0008412388212302805
431,3.7,0.0009577180426313963
432,1.09,0.0002821385585049249
433,33.67,0.008715234187945706
434,1.09,0.0002821385585049249
435,4.6,0.0011906764854336276
436,29.17,0.007550441973934549
437,3.7,0.0009577180426313963
438,1.09,0.0002821385585049249
439,2.5300000000000002,0.0006548720669884954
440,1.54,0.0003986177799060406
441,2.08,0.0005383928455873796
442,1.81,0.00046850531274671007
443,1.63,0.00042191362418626376
444,1.09,0.0002821385585049249
445,4.42,0.0011440847968731814
446,1.27,0.00032873024706537115
447,1.9,0.0004918011570269332
448,2.08,0.0005383928455873796
449,1.09,0.0002821385585049249
450,3.52,0.00091112635407095
451,1.54,0.0003986177799060406
452,1.54,0.0003986177799060406
453,65.53,0.0169619630631447
454,1.18,0.000305434402785148
455,1.09,0.0002821385585049249
456,6.49,0.0016798892153183141
457,15.31,0.003962881954780183
458,1.09,0.0002821385585049249
459,1.09,0.0002821385585049249
460,1.18,0.000305434402785148
461,1.09,0.0002821385585049249
462,1.09,0.0002821385585049249
463,1.3599999999999999,0.0003520260913455943
464,1.09,0.0002821385585049249
465,1.3599999999999999,0.0003520260913455943
466,1.09,0.0002821385585049249
467,1.09,0.0002821385585049249
468,8.83,0.002285581166604116
469,2.35,0.000608280378428049
470,1.3599999999999999,0.0003520260913455943
471,1.72,0.0004452094684664869
472,1.18,0.000305434402785148
473,1.81,0.00046850531274671007
474,5.32,0.001377043239675413
475,1.18,0.000305434402785148
476,1.9,0.0004918011570269332
477,1.09,0.0002821385585049249
478,1.09,0.0002821385585049249
479,1.09,0.0002821385585049249
480,2.44,0.0006315762227082721
481,1.72,0.0004452094684664869
482,1.18,0.000305434402785148
483,11.35,0.002937864806450364
484,1.72,0.0004452094684664869
485,1.09,0.0002821385585049249
486,5.23,0.00135374739539519
487,1.09,0.0002821385585049249
488,2.71,0.0007014637555489416
489,2.17,0.0005616886898676027
490,1.09,0.0002821385585049249
491,1.09,0.0002821385585049249
492,1.09,0.0002821385585049249
493,3.7,0.0009577180426313963
494,1.27,0.00032873024706537115
495,1.09,0.0002821385585049249
496,1.81,0.00046850531274671007
497,1.09,0.0002821385585049249
498,1.09,0.0002821385585049249
499,2.8,0.0007247595998291647
500,1.09,0.0002821385585049249
501,1.18,0.000305434402785148
502,2.44,0.0006315762227082721
503,18.73,0.004848124037428663
504,1.18,0.000305434402785148
505,1.99,0.0005150970013071564
506,1.09,0.0002821385585049249
507,1.18,0.000305434402785148
508,7.84,0.0020293268795216614
509,1.18,0.000305434402785148
510,1.54,0.0003986177799060406
511,1.09,0.0002821385585049249
512,1.18,0.000305434402785148
513,6.13,0.0015867058381974213
514,1.27,0.00032873024706537115
515,3.52,0.00091112635407095
516,1.18,0.000305434402785148
517,1.27,0.00032873024706537115
518,1.27,0.00032873024706537115
519,1.63,0.00042191362418626376
520,1.63,0.00042191362418626376
521,1.27,0.00032873024706537115
522,1.09,0.0002821385585049249
523,31.51,0.008156133925220351
524,1.63,0.00042191362418626376
525,1.54,0.0003986177799060406
526,1.3599999999999999,0.0003520260913455943
527,1.09,0.0002821385585049249
528,1.09,0.0002821385585049249
529,1.45,0.00037532193562581746
530,1.09,0.0002821385585049249
531,5.23,0.00135374739539519
532,1.45,0.00037532193562581746
533,1.45,0.00037532193562581746
534,1.09,0.0002821385585049249
535,1.09,0.0002821385585049249
536,1.09,0.0002821385585049249
537,2.35,0.000608280378428049
538,4.96,0.0012838598625545205
539,1.45,0.00037532193562581746
540,2.44,0.0006315762227082721
541,2.8899999999999997,0.0007480554441093878
542,1.09,0.0002821385585049249
543,8.83,0.002285581166604116
544,2.98,0.0007713512883896111
545,2.17,0.0005616886898676027
546,8.02,0.0020759185680821073
547,1.09,0.0002821385585049249
548,1.3599999999999999,0.0003520260913455943
549,2.71,0.0007014637555489416
550,1.18,0.000305434402785148
551,1.3599999999999999,0.0003520260913455943
552,1.72,0.0004452094684664869
553,3.43,0.0008878305097907269
554,1.18,0.000305434402785148
555,3.34,0.0008645346655105036
556,3.34,0.0008645346655105036
557,1.09,0.0002821385585049249
558,1.09,0.0002821385585049249
559,1.18,0.000305434402785148
560,1.09,0.0002821385585049249
561,1.09,0.0002821385585049249
562,1.54,0.0003986177799060406
563,1.09,0.0002821385585049249
564,1.3599999999999999,0.0003520260913455943
565,1.27,0.00032873024706537115
566,1.81,0.00046850531274671007
567,1.09,0.0002821385585049249
568,1.18,0.000305434402785148
569,1.09,0.0002821385585049249
570,5.14,0.0013304515511149667
571,1.09,0.0002821385585049249
572,2.35,0.000608280378428049
573,1.09,0.0002821385585049249
574,1.27,0.00032873024706537115
575,1.63,0.00042191362418626376
576,1.09,0.0002821385585049249
577,1.18,0.000305434402785148
578,5.59,0.0014469307725160825
579,3.79,0.0009810138869116194
580,1.09,0.0002821385585049249
581,1.09,0.0002821385585049249
582,1.09,0.0002821385585049249
583,1.18,0.000305434402785148
584,1.09,0.0002821385585049249
585,1.18,0.000305434402785148
586,1.09,0.0002821385585049249
587,1.18,0.000305434402785148
588,4.51,0.0011673806411534047
589,1.09,0.0002821385585049249
590,1.09,0.0002821385585049249
591,1.45,0.00037532193562581746
592,1.09,0.0002821385585049249
593,3.07,0.0007946471326698342
594,1.09,0.0002821385585049249
595,1.18,0.000305434402785148
596,1.18,0.000305434402785148
597,1448.11,0.3748327228959328
598,1.18,0.000305434402785148
599,1.18,0.000305434402785148
600,1.54,0.0003986177799060406
601,1.09,0.0002821385585049249
602,1.09,0.0002821385585049249
603,2.08,0.0005383928455873796
604,1.18,0.000305434402785148
605,2.62,0.0006781679112687185
606,1.09,0.0002821385585049249
607,1.09,0.0002821385585049249
608,1.09,0.0002821385585049249
609,1.09,0.0002821385585049249
610,1.18,0.000305434402785148
611,1.09,0.0002821385585049249
612,3.25,0.0008412388212302805
613,4.0600000000000005,0.001050901419752289
614,1.72,0.0004452094684664869
615,2.44,0.0006315762227082721
616,1.09,0.0002821385585049249
617,1.09,0.0002821385585049249
618,1.45,0.00037532193562581746
619,1.09,0.0002821385585049249
620,1.18,0.000305434402785148
621,1.09,0.0002821385585049249
622,1.18,0.000305434402785148
623,2.17,0.0005616886898676027
624,1.3599999999999999,0.0003520260913455943
625,1.18,0.000305434402785148
626,1.09,0.0002821385585049249
627,1.09,0.0002821385585049249
628,1.09,0.0002821385585049249
629,3.25,0.0008412388212302805
630,1.99,0.0005150970013071564
631,3.52,0.00091112635407095
632,5.41,0.0014003390839556363
633,1.09,0.0002821385585049249
634,1.3599999999999999,0.0003520260913455943
635,2.35,0.000608280378428049
636,1.9,0.0004918011570269332
637,1.27,0.00032873024706537115
638,1.45,0.00037532193562581746
639,2.8,0.0007247595998291647
640,5.23,0.00135374739539519
641,1.3599999999999999,0.0003520260913455943
642,1.09,0.0002821385585049249
643,1.09,0.0002821385585049249
644,1.54,0.0003986177799060406
645,3.43,0.0008878305097907269
646,1.99,0.0005150970013071564
647,1.27,0.00032873024706537115
648,1.54,0.0003986177799060406
649,1.27,0.00032873024706537115
650,1.09,0.0002821385585049249
651,1.09,0.0002821385585049249
652,1.54,0.0003986177799060406
653,1.72,0.0004452094684664869
654,1.09,0.0002821385585049249
655,1.18,0.000305434402785148
656,3.34,0.0008645346655105036
657,1.54,0.0003986177799060406
658,1.18,0.000305434402785148
659,1.09,0.0002821385585049249
660,1.54,0.0003986177799060406
661,2.98,0.0007713512883896111
662,1.54,0.0003986177799060406
663,1.18,0.000305434402785148
664,2.35,0.000608280378428049
665,1.09,0.0002821385585049249
666,10.9,0.0028213855850492487
667,5.05,0.0013071557068347435
668,1.45,0.00037532193562581746
669,1.27,0.00032873024706537115
670,1.09,0.0002821385585049249
671,1.3599999999999999,0.0003520260913455943
672,1.27,0.00032873024706537115
673,1.18,0.000305434402785148
674,2.26,0.0005849845341478258
675,2.62,0.0006781679112687185
676,19.45,0.005034490791670448
677,1.9,0.0004918011570269332
678,9.37,0.002425356232285455
679,1.09,0.0002821385585049249
680,1.63,0.00042191362418626376
681,1.3599999999999999,0.0003520260913455943
682,1.18,0.000305434402785148
683,2.08,0.0005383928455873796
684,3.16,0.0008179429769500574
685,14.59,0.0037765152005383978
686,1.54,0.0003986177799060406
687,1.54,0.0003986177799060406
688,11.71,0.0030310481835712573
689,1.99,0.0005150970013071564
690,1.18,0.000305434402785148
691,1.09,0.0002821385585049249
692,1.9,0.0004918011570269332
693,1.3599999999999999,0.0003520260913455943
694,1.45,0.00037532193562581746
695,1.3599999999999999,0.0003520260913455943
696,1.09,0.0002821385585049249
697,1.81,0.00046850531274671007
698,1.45,0.00037532193562581746
699,5.95,0.001540114149636975
700,1.18,0.000305434402785148
701,1.09,0.0002821385585049249
702,1.18,0.000305434402785148
703,1.72,0.0004452094684664869
704,1.09,0.0002821385585049249
705,1.09,0.0002821385585049249
706,14.95,0.00386969857765929
707,1.54,0.0003986177799060406
708,2.08,0.0005383928455873796
709,1.18,0.000305434402785148
710,2.44,0.0006315762227082721
711,1.18,0.000305434402785148
712,1.09,0.0002821385585049249
713,1.27,0.00032873024706537115
714,1.72,0.0004452094684664869
715,1.45,0.00037532193562581746
716,7.84,0.0020293268795216614
717,1.27,0.00032873024706537115
718,1.09,0.0002821385585049249
719,1.3599999999999999,0.0003520260913455943
720,1.09,0.0002821385585049249
721,1.27,0.00032873024706537115
722,1.72,0.0004452094684664869
723,1.9,0.0004918011570269332
724,1.72,0.0004452094684664869
725,3.7,0.0009577180426313963
726,1.27,0.00032873024706537115
727,1.09,0.0002821385585049249
728,2.5300000000000002,0.0006548720669884954
729,1.63,0.00042191362418626376
730,1.18,0.000305434402785148
731,1.09,0.0002821385585049249
732,1.09,0.0002821385585049249
733,1.09,0.0002821385585049249
734,1.09,0.0002821385585049249
735,1.09,0.0002821385585049249
736,1.54,0.0003986177799060406
737,1.54,0.0003986177799060406
738,2.8899999999999997,0.0007480554441093878
739,81.1,0.020992144123623307
740,16.66,0.0043123196189835305
741,9.64,0.0024952437651261246
742,15.4,0.003986177799060406
743,1.09,0.0002821385585049249
744,1.09,0.0002821385585049249
745,3.61,0.0009344221983511731
746,1.3599999999999999,0.0003520260913455943
747,2.5300000000000002,0.0006548720669884954
748,1.45,0.00037532193562581746
