CODE,AREA_HA,PROPORTION
1,2.8,0.0003725931150115103
2,5.68,0.000755831747594778
3,4.0600000000000005,0.00054026001676669
4,1.18,0.0001570213841834222
5,4.6,0.0006121172603760526
6,7.57,0.0010073321002275475
7,2.71,0.0003606169077432832
8,7.21,0.000959427271154639
9,4.42,0.0005881648458395984
10,1.81,0.00024085483506101202
11,16.57,0.002204952827050259
12,1.9,0.00025283104232923915
13,1.63,0.00021690242052455777
14,46.18,0.006145125018296981
15,1.81,0.00024085483506101202
16,7.93,0.001055236929300456
17,1.18,0.0001570213841834222
18,17.47,0.00232471489973253
19,2.62,0.0003486407004750561
20,1.45,0.00019295000598810354
21,1.99,0.00026480724959746627
22,2.08,0.0002767834568656934
23,1.3599999999999999,0.00018097379871987642
24,1.54,0.00020492621325633067
25,1.63,0.00021690242052455777
26,2.08,0.0002767834568656934
27,23.59,0.0031390969939719742
28,1.99,0.00026480724959746627
29,4.6899999999999995,0.0006240934676442797
30,41.95,0.005582243276690307
31,2.26,0.0003007358714021476
32,4.24,0.0005642124313031442
33,38.71,0.00515109981503413
34,89.65,0.011929633128850679
35,2.8,0.0003725931150115103
36,4.779999999999999,0.0006360696749125068
37,7.03,0.0009354748566181849
38,8.74,0.0011630227947145
39,8.29,0.0011031417583733643
40,1.72,0.0002288786277927849
41,1.3599999999999999,0.00018097379871987642
42,10.45,0.0013905707328108151
43,15.85,0.002109143168904442
44,1.3599999999999999,0.00018097379871987642
45,5.77,0.0007678079548630051
46,14.14,0.0018815952308081272
47,2.08,0.0002767834568656934
48,2.08,0.0002767834568656934
49,1.54,0.00020492621325633067
50,7.21,0.000959427271154639
51,8.83,0.001174999001982727
52,2.8899999999999997,0.00038456932227973737
53,13.15,0.001749856950857629
54,7.66,0.0010193083074957747
55,2.44,0.00032468828593860185
56,2.17,0.00028875966413392047
57,2.35,0.0003127120786703747
58,17.11,0.002276810070659622
59,9.01,0.0011989514165191813
60,1.45,0.00019295000598810354
61,2.26,0.0003007358714021476
62,1.54,0.00020492621325633067
63,8.83,0.001174999001982727
64,35.83,0.004767861182450862
65,8.29,0.0011031417583733643
66,1.63,0.00021690242052455777
67,2.08,0.0002767834568656934
68,1.45,0.00019295000598810354
69,7.3,0.0009714034784228661
70,1.27,0.00016899759145164932
71,4.0600000000000005,0.00054026001676669
72,4.42,0.0005881648458395984
73,1.9,0.00025283104232923915
74,1.72,0.0002288786277927849
75,10.18,0.0013546421110061338
76,2.26,0.0003007358714021476
77,6.94,0.0009234986493499577
78,1.09,0.0001450451769151951
79,1.9,0.00025283104232923915
80,1.54,0.00020492621325633067
81,9.37,0.0012468562455920898
82,2.17,0.00028875966413392047
83,2.8899999999999997,0.00038456932227973737
84,16.21,0.002157047997977351
85,1.72,0.0002288786277927849
86,1.3599999999999999,0.00018097379871987642
87,2.71,0.0003606169077432832
88,1.9,0.00025283104232923915
89,1.3599999999999999,0.00018097379871987642
90,3.79,0.0005043313949620086
91,3.7,0.0004923551876937815
92,2.98,0.00039654552954796455
93,1.27,0.00016899759145164932
94,1.63,0.00021690242052455777
95,1.63,0.00021690242052455777
96,1.54,0.00020492621325633067
97,1.3599999999999999,0.00018097379871987642
98,3.34,0.000444450358620873
99,1.09,0.0001450451769151951
100,9.1,0.0012109276237874085
101,3.7,0.0004923551876937815
102,2.26,0.0003007358714021476
103,2.26,0.0003007358714021476
104,1.72,0.0002288786277927849
105,7.93,0.001055236929300456
106,2.62,0.0003486407004750561
107,1.72,0.0002288786277927849
108,1.45,0.00019295000598810354
109,1.27,0.00016899759145164932
110,1.63,0.00021690242052455777
111,2.08,0.0002767834568656934
112,37.63,0.005007385327815405
113,2.17,0.00028875966413392047
114,16.21,0.002157047997977351
115,1.09,0.0001450451769151951
116,11.89,0.0015821900491024491
117,1.81,0.00024085483506101202
118,1.18,0.0001570213841834222
119,1.09,0.0001450451769151951
120,2.44,0.00032468828593860185
121,2.17,0.00028875966413392047
122,2.35,0.0003127120786703747
123,4.15,0.0005522362240349171
124,5.86,0.0007797841621312323
125,3.79,0.0005043313949620086
126,1.09,0.0001450451769151951
127,1.27,0.00016899759145164932
128,1.09,0.0001450451769151951
129,1.99,0.00026480724959746627
130,2.8,0.0003725931150115103
131,1.54,0.00020492621325633067
132,1.45,0.00019295000598810354
133,1.45,0.00019295000598810354
134,1.72,0.0002288786277927849
135,17.92,0.0023845959360736663
136,1.54,0.00020492621325633067
137,1.3599999999999999,0.00018097379871987642
138,1.18,0.0001570213841834222
139,15.67,0.002085190754367988
140,6.4,0.0008516414057405951
141,2.08,0.0002767834568656934
142,1.3599999999999999,0.00018097379871987642
143,1.27,0.00016899759145164932
144,19.36,0.0025762152523653
145,2.17,0.00028875966413392047
146,14.32,0.0019055476453445812
147,1.3599999999999999,0.00018097379871987642
148,2.98,0.00039654552954796455
149,2.98,0.00039654552954796455
150,1.63,0.00021690242052455777
151,5.5,0.0007318793330583238
152,1.3599999999999999,0.00018097379871987642
153,52.84,0.007031364356145787
154,1.3599999999999999,0.00018097379871987642
155,2.62,0.0003486407004750561
156,1.45,0.00019295000598810354
157,1.45,0.00019295000598810354
158,1.45,0.00019295000598810354
159,1.45,0.00019295000598810354
160,5.23,0.0006959507112536425
161,1.54,0.00020492621325633067
162,38.89,0.005175052229570584
163,1.18,0.0001570213841834222
164,2.26,0.0003007358714021476
165,1.54,0.00020492621325633067
166,12.34,0.0016420710854435847
167,1.3599999999999999,0.00018097379871987642
168,1.18,0.0001570213841834222
169,24.67,0.0032828114811906998
170,2.5300000000000002,0.000336664493206829
171,4.96,0.0006600220894489611
172,1.81,0.00024085483506101202
173,9.01,0.0011989514165191813
174,1.18,0.0001570213841834222
175,11.17,0.0014863803909566321
176,2.8,0.0003725931150115103
177,1.99,0.00026480724959746627
178,1.45,0.00019295000598810354
179,5.86,0.0007797841621312323
180,3.16,0.0004204979440844188
181,1.54,0.00020492621325633067
182,2.08,0.0002767834568656934
183,48.79,0.006492435029075567
184,3.43,0.00045642656588910013
185,1.81,0.00024085483506101202
186,1.09,0.0001450451769151951
187,1.3599999999999999,0.00018097379871987642
188,1.9,0.00025283104232923915
189,4.87,0.000648045882180734
190,2.08,0.0002767834568656934
191,9.46,0.001258832452860317
192,1.63,0.00021690242052455777
193,1.45,0.00019295000598810354
194,6.13,0.0008157127839359136
195,9.01,0.0011989514165191813
196,3.97,0.0005282838094984629
197,8.2,0.0010911655511051373
198,15.13,0.0020133335107586255
199,3.25,0.0004324741513526459
200,4.51,0.0006001410531078255
201,2.17,0.00028875966413392047
202,1.81,0.00024085483506101202
203,1.99,0.00026480724959746627
204,3.34,0.000444450358620873
205,1.54,0.00020492621325633067
206,4.42,0.0005881648458395984
207,9.64,0.0012827848673967713
208,1.45,0.00019295000598810354
209,412.39,0.054876312392713116
210,1.27,0.00016899759145164932
211,15.22,0.0020253097180268527
212,1.45,0.00019295000598810354
213,1.45,0.00019295000598810354
214,1.9,0.00025283104232923915
215,1.09,0.0001450451769151951
216,6.94,0.0009234986493499577
217,25.84,0.003438502175677652
218,1.09,0.0001450451769151951
219,2.08,0.0002767834568656934
220,6.49,0.0008636176130088221
221,3.34,0.000444450358620873
222,6.85,0.0009115224420817305
223,2.8899999999999997,0.00038456932227973737
224,1.9,0.00025283104232923915
225,1.54,0.00020492621325633067
226,1.9,0.00025283104232923915
227,1.18,0.0001570213841834222
228,2.71,0.0003606169077432832
229,2.44,0.00032468828593860185
230,1.63,0.00021690242052455777
231,1.27,0.00016899759145164932
232,6.13,0.0008157127839359136
233,4.42,0.0005881648458395984
234,2.17,0.00028875966413392047
235,1.45,0.00019295000598810354
236,1.72,0.0002288786277927849
237,2.62,0.0003486407004750561
238,1.18,0.0001570213841834222
239,134.92,0.017953665384768915
240,4.0600000000000005,0.00054026001676669
241,1.3599999999999999,0.00018097379871987642
242,11.53,0.0015342852200295406
243,2.26,0.0003007358714021476
244,1.72,0.0002288786277927849
245,2.98,0.00039654552954796455
246,1.72,0.0002288786277927849
247,1.27,0.00016899759145164932
248,11.62,0.0015462614272977676
249,2.98,0.00039654552954796455
250,4.24,0.0005642124313031442
251,1.54,0.00020492621325633067
252,7.3,0.0009714034784228661
253,2.62,0.0003486407004750561
254,1.63,0.00021690242052455777
255,1.3599999999999999,0.00018097379871987642
256,1.09,0.0001450451769151951
257,1.72,0.0002288786277927849
258,3.34,0.000444450358620873
259,1.27,0.00016899759145164932
260,2.5300000000000002,0.000336664493206829
261,1.99,0.00026480724959746627
262,11.17,0.0014863803909566321
263,1.81,0.00024085483506101202
264,7.48,0.0009953558929593205
265,1.54,0.00020492621325633067
266,5.14,0.0006839745039854153
267,2.08,0.0002767834568656934
268,1.63,0.00021690242052455777
269,71.65,0.009534391675205256
270,1.3599999999999999,0.00018097379871987642
271,2.44,0.00032468828593860185
272,2.17,0.00028875966413392047
273,7.21,0.000959427271154639
274,1.54,0.00020492621325633067
275,4.24,0.0005642124313031442
276,2.71,0.0003606169077432832
277,2.26,0.0003007358714021476
278,1.45,0.00019295000598810354
279,4.6,0.0006121172603760526
280,2.8,0.0003725931150115103
281,1.3599999999999999,0.00018097379871987642
282,3.7,0.0004923551876937815
283,1.3599999999999999,0.00018097379871987642
284,1.3599999999999999,0.00018097379871987642
285,2.08,0.0002767834568656934
286,1.18,0.0001570213841834222
287,1.54,0.00020492621325633067
288,13.6,0.0018097379871987642
289,1.3599999999999999,0.00018097379871987642
290,2.17,0.00028875966413392047
291,2.62,0.0003486407004750561
292,1.81,0.00024085483506101202
293,1.45,0.00019295000598810354
294,1.45,0.00019295000598810354
295,3.79,0.0005043313949620086
296,2.5300000000000002,0.000336664493206829
297,2.5300000000000002,0.000336664493206829
298,1.63,0.00021690242052455777
299,1.45,0.00019295000598810354
300,1.3599999999999999,0.00018097379871987642
301,1.81,0.00024085483506101202
302,4.96,0.0006600220894489611
303,1.63,0.00021690242052455777
304,3.16,0.0004204979440844188
305,1.63,0.00021690242052455777
306,9.01,0.0011989514165191813
307,45.64,0.006073267774687618
308,201.61,0.026828034970525213
309,1.09,0.0001450451769151951
310,1.63,0.00021690242052455777
311,5.23,0.0006959507112536425
312,1.45,0.00019295000598810354
313,2.35,0.0003127120786703747
314,2.26,0.0003007358714021476
315,2.26,0.0003007358714021476
316,1.27,0.00016899759145164932
317,9.1,0.0012109276237874085
318,4.42,0.0005881648458395984
319,1.81,0.00024085483506101202
320,1.99,0.00026480724959746627
321,1.3599999999999999,0.00018097379871987642
322,1.54,0.00020492621325633067
323,1.27,0.00016899759145164932
324,2.08,0.0002767834568656934
325,1.45,0.00019295000598810354
326,6.4,0.0008516414057405951
327,5.86,0.0007797841621312323
328,1.45,0.00019295000598810354
329,1.54,0.00020492621325633067
330,1.45,0.00019295000598810354
331,1.54,0.00020492621325633067
332,1.63,0.00021690242052455777
333,13.24,0.001761833158125856
334,2.71,0.0003606169077432832
335,1.99,0.00026480724959746627
336,1.27,0.00016899759145164932
337,9.73,0.0012947610746649983
338,1.45,0.00019295000598810354
339,5.23,0.0006959507112536425
340,2.08,0.0002767834568656934
341,1.3599999999999999,0.00018097379871987642
342,100.18,0.013330849379233251
343,1.45,0.00019295000598810354
344,2.98,0.00039654552954796455
345,8.559999999999999,0.0011390703801780456
346,1.54,0.00020492621325633067
347,1.3599999999999999,0.00018097379871987642
348,2.44,0.00032468828593860185
349,1.54,0.00020492621325633067
350,27.01,0.003594192870164605
351,7.75,0.0010312845147640018
352,1052.56,0.14006307469161258
353,2.5300000000000002,0.000336664493206829
354,1.54,0.00020492621325633067
355,1.54,0.00020492621325633067
356,1.54,0.00020492621325633067
357,4.15,0.0005522362240349171
358,2.08,0.0002767834568656934
359,2.26,0.0003007358714021476
360,4.24,0.0005642124313031442
361,2.44,0.00032468828593860185
362,1.3599999999999999,0.00018097379871987642
363,94.69,0.012600300735871397
364,13.06,0.0017378807435894017
365,1.81,0.00024085483506101202
366,4.24,0.0005642124313031442
367,13.33,0.001773809365394083
368,2.08,0.0002767834568656934
369,2.71,0.0003606169077432832
370,37.9,0.0050433139496200855
371,1.27,0.00016899759145164932
372,1.54,0.00020492621325633067
373,1.45,0.00019295000598810354
374,2.17,0.00028875966413392047
375,7.3,0.0009714034784228661
376,2.35,0.0003127120786703747
377,3.34,0.000444450358620873
378,8.65,0.001151046587446273
379,2.71,0.0003606169077432832
380,13.06,0.0017378807435894017
381,1.81,0.00024085483506101202
382,2.26,0.0003007358714021476
383,37.0,0.004923551876937815
384,8.83,0.001174999001982727
385,1.72,0.0002288786277927849
386,2.62,0.0003486407004750561
387,1.45,0.00019295000598810354
388,2401.84,0.31961037405687354
389,3.07,0.0004085217368161916
390,2.08,0.0002767834568656934
391,2.5300000000000002,0.000336664493206829
392,1.45,0.00019295000598810354
393,2.98,0.00039654552954796455
394,5.14,0.0006839745039854153
395,5.68,0.000755831747594778
396,6.13,0.0008157127839359136
397,14.23,0.0018935714380763542
398,2.71,0.0003606169077432832
399,1.54,0.00020492621325633067
400,5.32,0.0007079269185218696
401,1.45,0.00019295000598810354
402,2.26,0.0003007358714021476
403,12.43,0.0016540472927118117
404,11.17,0.0014863803909566321
405,1.18,0.0001570213841834222
406,3.97,0.0005282838094984629
407,1.9,0.00025283104232923915
408,11.89,0.0015821900491024491
409,3.16,0.0004204979440844188
410,1.09,0.0001450451769151951
411,1.3599999999999999,0.00018097379871987642
412,1.81,0.00024085483506101202
413,2.8,0.0003725931150115103
414,4.42,0.0005881648458395984
415,1.54,0.00020492621325633067
416,1.72,0.0002288786277927849
417,1.09,0.0001450451769151951
418,1.18,0.0001570213841834222
419,67.33,0.008959533726330352
420,1.3599999999999999,0.00018097379871987642
421,1.72,0.0002288786277927849
422,2.08,0.0002767834568656934
423,10.81,0.0014384755618837238
424,14.68,0.0019534524744174897
425,1.9,0.00025283104232923915
426,1.45,0.00019295000598810354
427,2.26,0.0003007358714021476
428,1.54,0.00020492621325633067
429,62.2,0.008276889912041408
430,3.97,0.0005282838094984629
431,1.63,0.00021690242052455777
432,1.3599999999999999,0.00018097379871987642
433,1.18,0.0001570213841834222
434,24.67,0.0032828114811906998
435,5.95,0.0007917603693994594
436,2.08,0.0002767834568656934
437,1.81,0.00024085483506101202
438,3.07,0.0004085217368161916
439,5.14,0.0006839745039854153
440,2.08,0.0002767834568656934
441,1.3599999999999999,0.00018097379871987642
442,2.5300000000000002,0.000336664493206829
443,1.81,0.00024085483506101202
444,1.63,0.00021690242052455777
445,2.8899999999999997,0.00038456932227973737
446,5.14,0.0006839745039854153
447,1.9,0.00025283104232923915
448,1.45,0.00019295000598810354
449,11.44,0.0015223090127613134
450,11.89,0.0015821900491024491
451,1.45,0.00019295000598810354
452,3.52,0.00046840277315732726
453,1.99,0.00026480724959746627
454,2.08,0.0002767834568656934
455,1.54,0.00020492621325633067
456,2.08,0.0002767834568656934
457,1.45,0.00019295000598810354
458,2.5300000000000002,0.000336664493206829
459,13.33,0.001773809365394083
460,5.05,0.0006719982967171882
461,1.63,0.00021690242052455777
462,1.72,0.0002288786277927849
463,1.45,0.00019295000598810354
464,17.2,0.002288786277927849
465,4.51,0.0006001410531078255
466,2.8899999999999997,0.00038456932227973737
467,3.34,0.000444450358620873
468,2.08,0.0002767834568656934
469,1.27,0.00016899759145164932
470,2.35,0.0003127120786703747
471,1.63,0.00021690242052455777
472,39.07,0.005199004644107039
473,1.99,0.00026480724959746627
474,1.3599999999999999,0.00018097379871987642
475,179.47,0.02388188798254134
476,1.81,0.00024085483506101202
477,16.119999999999997,0.0021450717907091233
478,1.63,0.00021690242052455777
479,1.18,0.0001570213841834222
480,1.45,0.00019295000598810354
481,1.09,0.0001450451769151951
482,22.42,0.002983406299485022
483,1.27,0.00016899759145164932
484,1.54,0.00020492621325633067
485,11.17,0.0014863803909566321
486,193.51,0.02575017631638477
487,30.97,0.004121145989966598
488,1.9,0.00025283104232923915
489,50.32,0.006696030552635428
490,1.09,0.0001450451769151951
491,1.99,0.00026480724959746627
492,5.5,0.0007318793330583238
493,4.0600000000000005,0.00054026001676669
494,4.42,0.0005881648458395984
