reclass
name: 03_edge_core_bin_zero_uso_HABMAT_EDGE_0030m_pid
mapset: PERMANENT
#1
3
5
4
1
4
7
1
2
1
2
1
2
2
2
4
10
1
1
1
2
5
2
1
1
15
1
1
2
4
7
1
2
1
13
2
1
1
1
2
1
1
2
2
1
2
2
6
14
2
26
8
2
1
4
12
1
6
1
12
1
2
7
4
6
3
4
21
4
4
20
8
2
8
2
1
1
2
2
1
14
1
1
9
1
14
1
5
1
9
2
2
2
2
6
1
1
1
3
2
2
6
1
2
1
2
12
1
5
1
1
2
1
1
7
1
2
2
2
2
1
1
1
1
9
2
7
2
2
1
1
2
1
1
1
5
1
1
1
3
6
2
8
2
13
2
4
3
2
2
4
1
2
2
2
1
2
1
1
1
5
2
2
9
1
2
2
1
3
4
1
1
9
6
2
1
3
2
1
3
1
3
4
1
2
1
1
2
2
1
1
1
4
2
3
2
1
1
1
1
10
3
3
2
2
1
1
2
9
5
1
1
3
1
2
1
1
2
2
10
1
1
1
2
1
1
2
3
2
1
1
9
16
1
2
1
1
2
1
2
1
1
2
1
2
2
2
4
2
2
1
1
3
1
1
16
1
1
1
5
1
1
1
1
2
2
3
1
1
1
1
2
15
1
2
1
10
10
26
4
2
2
1
1
1
5
2
3
1
1
3
3
1
2
1
2
1
1
1
4
31
1
3
4
1
1
1
1
2
1
1
1
5
2
2
2
14
1
2
2
1
1
1
1
1
3
2
29
2
2
1
11
1
5
1
1
3
4
2
1
2
2
1
5
3
1
1
2
1
25
1
2
8
2
6
1
1
5
1
1
1
2
3
2
3
1
1
2
3
2
1
3
1
1
7
1
1
4
3
2
2
2
1
2
1
1
2
7
4
3
2
4
3
1
1
8
3
12
2
1
1
1
1
2
3
2
5
5
2
1
4
3
2
1
5
9
1
13
1
3
1
30
1
1
3
2
2
3
1
3
2
2
3
1
2
1
2
2
1
1
1
5
1
1
1
7
2
1
3
1
1
2
2
2
1
3
4
1
1
1
2
18
4
10
2
1
6
2
1
2
1
2
1
4
2
1
2
1
1
2
6
5
1
2
2
9
1
1
1
2
2
6
3
6
3
2
2
36
2
11
2
1
1
4
1
3
1
2
6
2
1
1
1
29
4
1
1
2
2
1
1
1
5
2
1
2
1
3
3
1
2
2
2
1
1
8
2
1
2
1
1
1
60
2
4
2
19
4
8
1
3
1
4
1
1
56
1
5
9
1
15
2
1
2
8
4
6
6
4
6
2
1
3
2
1
2
1
8
1
5
1
3
1
1
3
1
3
2
2
3
7
4
1
1
3
21
2
1
1
2
1
2
1
2
1
1
2
2
1
29
3
2
105
1
1
1
1
2
2
1
1
3
5
2
9
24
3
5
3
1
10
4
1
1
1
1
2
2
2
1
4
2
1
1
2
1
1
33
3
2
1
2
1
2
1
1
1
3
1
1
2
1
1
1
6
1
1
1
2
9
1
2
1
7
7
4
2
2
1
2
2
1
1
4
4
3
1
1
1
4
1
2
1
142
1
2
1
2
1
1
1
1
1
2
1
2
3
1
1
1
1
2
3
1
2
9
1
1
2
3
52
20
1
8
1
61
2
1
3
1
1
1
4
2
1
35
1
1
1
1
4
4
1
1
36
2
3
2
4
4
1
1
1
1
2
3
2
51
1
1
1
1
1
7
4
1
3
4
2
2
3
1
3
1
1
2
2
4
27
2
1
75
7
4
1
1
1
1
2
5
1
1
8
2
2
3
2
15
21
2
1
2
2
1
4
1
4
2
2
3
1
1
1
1
1
2
2
1
1
1
1
1
1
4
1
3
1
1
1
71
3
3
4
1
2
1
1
7
2
1
2
1
1
2
1
1
2
1
3
1
2
2
1
4
1
1
1
2
1
2
6
4
5
2
2
2
2
2
2
2
1
1
1
2
11
2
8
2
1
2
1
3
3
30
1
1
8
2
2
1
2
2
1
1
1
1
19
3
1
3
1
1
2
4
2
1
1
2
23
3
1
2
3
1
22
2
1
3
1
2
1
1
4
1
1
6
12
2
2
2
1
2
1
1
2
3
2
2
2
2
2
2
3
2
1
32
2
3
6
16
3
2
2
2
4
1
2
2
2
2
2
2
1
4
2
1
1
2
3
1
1
1
1
2
2
2
1
2
1
2
2
2
2
1
2
1
1
1
5
9
2
4
3
2
6
1
4
1
2
2
5
7
2
2
2
1
4
1
5
2
1
1
1
2
290
1
1
2
1
1
1
1
3
7
1
1
2
1
1
2
1
5
2
1
2
11
2
2
1
2
1
14
3
6
2
1
1
1
2
1
2
3
1
4
2
4
1
1
1
3
2
3
1
2
1
1
3
5
1
3
1
18
5
15
1
5
1
1
1
1
2
10
2
1
5
1
2
2
3
1
1
1
2
1
5
2
12
10
1
1
1
2
2
10
1
3
1
1
1
8
1
1
1
2
1
1
1
3
1
1
2
3
2
1
1
2
2
3
1
1
4
18
1
3
1
1
9
1
2
1
2
1
2
8
1
8
2
1
1
1
4
1
1
2
2
1
2
3
1
2
1
1
17
1
1
1
1
1
1
1
1
3
1
1
1
1
4
1
1
11
19
6
16
1
2
2
2
1
3
4
1
1
2
1
2
2
2
2
2
2
10
2
3
2
1
4
4
4
2
2
1
4
1
1
1
1
6
1
2
1
2
3
4
1
8
1
3
2
1
1
1
1
2
2
68
1
1
2
1
2
3
4
8
3
1
2
1
2
3
2
1
1
1
3
2
2
4
2
3
2
1
1
1
2
1
1
1
1
2
1
1
2
1
1
7
2
1
4
1
1
7
7
4
1
1
1
5
7
1
1
21
2
2
2
1
1
1
2
3
1
1
6
2
4
1
1
1
3
2
1
9
1
1
2
2
9
3
4
3
9
22
14
1
2
2
1
2
5
1
1
1
2
56
5
1
1
4
5
23
1
4
1
1
