reclass
name: 03_edge_core_bin_zero_uso_HABMAT_CORE_0030m_pid
mapset: PERMANENT
#1
1
1
1
1
2
1
1
1
1
4
1
1
1
1
2
5
1
31
1
1
1
25
5
2
2
2
1
1
1
6
1
1
1
2
2
1
1
8
2
2
8
1
1
2
4
3
1
1
2
2
1
1
1
1
5
2
1
2
2
1
1
5
1
2
1
2
1
1
1
2
1
3
1
1
1
1
4
1
1
2
1
2
1
2
1
2
1
1
2
2
1
1
1
1
7
1
1
1
2
2
1
1
3
1
1
1
1
1
1
1
4
5
1
1
3
1
1
1
1
2
1
2
2
1
1
2
13
1
2
2
3
1
4
4
1
26
5
1
6
4
1
1
2
1
1
1
1
1
2
1
3
3
2
2
1
2
2
4
13
1
2
2
2
1
1
1
1
2
2
1
14
3
11
1
3
4
3
1
28
1
1
1
1
1
1
3
1
2
2
4
4
1
1
18
1
1
1
1
2
1
1
6
1
1
2
2
1
1
1
8
1
6
2
1
2
1
1
1
1
1
1
1
1
1
2
1
2
1
1
1
1
1
8
2
1
1
1
10
2
2
1
1
1
2
4
1
1
1
1
2
3
4
1
1
1
2
2
2
2
8
3
1
9
1
7
1
1
2
4
225
5
1
1
1
1
5
1
2
1
1
1
1
1
3
1
1
1
2
1
1
1
1
1
1
1
1
1
2
1
10
1
5
2
1
1
1
1
1
2
3
3
1
1
1
1
2
1
2
25
2
51
2
4
3
1
1
1
11
4
2
11
1
1
17
1
4
1
2
2
1
2
1
3
7
8
1
1
2
1
3
9
4
1
1
2
1
1
1
4
3
1
1
1
2
1
1
1
1
2
1
1
5
1
1
1
1
1
37
1
1
1
8
1
1
7
2
1
2
1
2
44
1
1
1
1
1
1
1
3
1
3
2
1
1
2
3
1
6
2
1
1
1
1
1
1
5
2
1
5
3
1
2
1
1
26
1
1
8
2
3
4
1
34
1
5
29
4
1
3
2
2
2
2
1
4
1
2
2
1
4
2
2
66
1
1
6
15
1
1
1
1
1
1
1
1
1
1
9
2
1
2
1
2
5
1
2
1
1
1
2
2
1
11
2
1
5
1
3
2
1
1
1
4
1
1
2
1
1
3
1
1
2
19
1
2
1
1
8
1
2
1
1
6
1
4
1
1
1
2
2
1
1
32
2
2
1
1
1
1
1
5
1
1
1
1
1
2
5
1
2
3
1
9
3
2
8
1
1
3
1
1
2
3
1
3
3
1
1
1
1
1
2
1
1
1
2
1
1
1
5
1
2
1
1
2
1
1
6
4
1
1
1
1
1
1
1
1
5
1
1
1
1
3
1
1
1
1448
1
1
2
1
1
2
1
3
1
1
1
1
1
1
3
4
2
2
1
1
1
1
1
1
1
2
1
1
1
1
1
3
2
4
5
1
1
2
2
1
1
3
5
1
1
1
2
3
2
1
2
1
1
1
2
2
1
1
3
2
1
1
2
3
2
1
2
1
11
5
1
1
1
1
1
1
2
3
19
2
9
1
2
1
1
2
3
15
2
2
12
2
1
1
2
1
1
1
1
2
1
6
1
1
1
2
1
1
15
2
2
1
2
1
1
1
2
1
8
1
1
1
1
1
2
2
2
4
1
1
3
2
1
1
1
1
1
1
2
2
3
81
17
10
15
1
1
4
1
3
1
