reclass
name: 04_functional_connectivity_bin_zero_uso_HABMAT_0120m_func_connect_pid
mapset: PERMANENT
#1
3
6
4
1
3
4
2
26
2
19
46
17
2
2
1
2
2
43
2
61
98
5
9
9
8
16
1
10
1
6
14
2
2
2
7
13
9
2
17
2
2
17
40
8
2
2
7
1
4
4
2
2
1
10
2
2
9
11
3
2
1
3
1
19
3
1
2
2
2
1
8
3
16
9
4
2
2
2
3
2
1
1
2
2
2
12
2
1
2
2
4
4
6
4
1
1
1
2
1
2
18
2
1
1
79
17
6
2
1
1
19
2
1
3
2
1
2
1
9
14
1
2
2
1
1
3
3
1
12
2
20
1
2
2
21
6
4
8
3
5
2
4
10
7
1
1
26
3
2
4
2
2
2
1
3
4
2
2
20
7
3
2
1
3
1
3
503
5
2
2
72
1
7
4
3
2
3
4
1
3
14
1
3
2
1
3
3
2
1
2
3
6
1
1
2
2
9
4
2
1
2
1
2
6
1
1
2
2
14
3
2
1
1
5
116
1
27
3
2
1
4
2
1490
2
101
2
2
4
1
18
2
4
14
2
55
2
4
9
3
16
2
3
39
14
5
2526
3
2
5
7
3
2
19
2
11
4
2
3
2
5
3
2
37
1
11
2
1
2
73
2
71
25
2
3
1
3
2
2
5
2
1
12
1
4
2
2
2
2
1
3
13
5
2
5
2
1
17
3
43
2
1
2
3
1
2
16
11
22
2
467
2
6
4
4
