reclass
name: 04_functional_connectivity_bin_zero_uso_HABMAT_0060m_func_connect_pid
mapset: PERMANENT
#1
3
6
4
1
5
8
3
7
4
2
17
2
2
46
2
8
1
17
3
1
2
2
1
2
2
2
24
2
5
42
2
4
39
90
3
5
7
9
8
2
1
10
16
1
6
14
2
2
2
7
9
3
13
8
2
2
2
17
9
1
2
2
9
36
8
2
2
1
7
1
4
4
2
2
10
2
7
1
2
2
9
2
3
16
2
1
3
2
1
4
4
3
1
2
2
2
1
3
1
9
4
2
2
2
8
3
2
1
1
2
2
38
2
16
1
12
2
1
1
2
2
2
4
6
4
1
1
1
2
3
2
1
1
2
18
2
1
1
16
6
2
1
1
19
2
14
1
3
3
2
6
1
53
1
3
1
1
1
1
5
2
39
1
2
2
12
1
1
25
3
5
2
9
1
11
3
2
1
6
3
2
2
49
3
2
1
1
2
5
2
9
2
1
6
9
4
8
15
3
5
2
2
2
3
2
4
10
1
412
1
15
1
1
2
1
7
26
1
2
6
3
7
3
2
2
2
1
3
2
2
1
6
4
2
1
2
3
1
135
4
1
12
2
2
3
2
1
12
3
4
2
7
3
2
1
1
2
3
1
3
2
11
2
7
2
5
2
2
72
1
2
2
7
2
4
3
2
1
5
3
1
4
1
1
2
1
2
14
1
2
3
2
1
1
4
3
3
2
1
1
2
5
2
3
2
9
46
202
1
2
5
1
2
2
2
1
9
4
2
2
1
2
1
2
1
6
6
1
2
1
2
2
13
3
2
1
10
1
5
2
1
100
1
3
9
2
1
2
2
27
8
1053
3
2
2
2
4
2
2
4
2
1
95
13
2
4
13
2
3
38
1
2
1
2
7
2
3
9
3
13
2
2
37
9
2
3
1
2402
3
2
3
1
3
5
6
6
14
3
2
5
1
2
12
11
1
4
2
12
3
1
1
2
3
4
2
2
1
1
67
1
2
2
11
15
2
1
2
2
62
4
2
1
1
25
6
2
2
3
5
2
1
3
2
2
3
5
2
1
11
12
1
4
2
2
2
2
1
3
13
5
2
2
1
17
5
3
3
2
1
2
2
39
2
1
179
2
16
2
1
1
1
22
1
2
11
194
31
2
50
1
2
6
4
4
