reclass
name: mapbiomas_30m_HABMAT_0060m_func_connect_pid
mapset: PERMANENT
#1
1
1
6
3
5
4
2
2
6
4
1
7
6
4
1
2
2
4
4
50
26
7
4
2
3
4
2
1
2
4
3
19
57
2
17
7
2
2
2
4
2
5
2
2
2
7
1
75
3
1
1
12
3
2
3
1
1
2
3
3
5
2
2
5
2
5
2
2
7
5
3
24
2
3
2
2
6
2
47
2
2
2
30
2
28
15
2
2
1
2
36
2
3
10
3
1
68
5
28
3
12
14
2
3
2
8
2
9
13
3
229
21
2
2
30
12
14
3
2
1
3
3
3
2
32
2
2
2
16
14
6
5
2
2
2
5
2
6
5
3
3
3
7
3
2
20
3
2
1
3
24
2
2
3
22
2
13
27
1
2
25
11
1
5
3
2
6
2
48
5
4
2
4
8
2
1
2
2
5
12
37
10
1
2
4
27
2
2
3
1
14
2
4
3
3
2
1
13
3
4
3
6
48
3
7
2
22
5
1
4
1
5
1
2
10
3
15
8
25
6
105
2
3
106
20
2
3
5
13
3
2
47
3
2
5
4
2
81
10
2
3
10
5
2
1
2
4
1
2
3
2
9
2
4
1
2
2
2
2
4
2
6
15
16
3
3
3
2
6
19
3
32
9
17
6
3
2
6
2
2
3
3
2
2
2
1
4
2
2
2
2
27
13
5
2
14
2
3
7
10
6
42
8
329
2
2
2
10
2
23
4
3
3
4
12
2
15
2
1
1
10
1
6
12
3
3
3
3
2
10
2
2
5
49
2
2
10
11
2
1
5
3
2
3
3
2
1
3
5
2
3
2
2
3
3
3
180
4
3
1
6
2
2
7
22
52
9
44
6
2
4
2
3
2
2
4
8
2
2
2
1
5
5
2
9
4
2
101
2
2
6
7
2
2
151
15
31
1
4
3
2
2
2
6
2
2
8
1
1
1
18
15
3
4
6
3
4
4
650
1
2
26
1
2
8
3
2
1
3
3
2
3
2
14
3
2
2
3
3
3
2
2
2
5
19
1
5
2
2
2
3
4
5
3
2
5
2
19
3
15
2
58
2
2
16
2
24
3
11
2
2
6
12
9
2
5
4
20
1
5
3
2
2
2
1
3
16
3
1
4
2
1
2
12
3
2
10
2
1
5
3
4
10
3
1
1
2
7
2
2
17
6
2
2
2
30
2
3
3
4
2
3
4
2
6
7
1
1
1
5
2
2
2
3
3
2
1274
2
3
3
2
3
2
12
6
4
2
12
2
2
4
2
3
4
4
9
6
2
3
2
5
2
4
5
1
2
4
4
3
2
3
47
3
10
1
2
11
3
2
16
2
3
3
3
18
6
2
2
2
57
5
2
2
4
2
2
3
107
8
7
1
1
8
2
3
2
1
2
2
2
10
6
6
2
2
2
4
2
2
2
2
6
3
3
15
36
3
4
2
2
1
2
3
16
14
2
7
1
17
3
23
2
9
2
3
7
1
3
2
3
5
3
6
2
19
2
2
115
15
53
1
5
1
11
7
4
