reclass
name: mapbiomas_30m_HABMAT_CORE_0030m_pid
mapset: PERMANENT
#1
2
2
2
2
1
1
1
1
1
3
2
1
1
1
1
2
4
1
1
1
6
1
1
1
1
2
1
1
1
1
1
1
1
2
1
15
1
1
1
1
1
2
1
1
2
2
2
1
2
1
2
1
39
2
1
1
1
1
1
1
1
1
1
1
1
1
1
1
1
1
2
1
1
2
1
1
2
1
1
1
9
2
1
3
1
4
1
1
6
2
1
1
1
1
1
1
1
1
1
1
1
2
1
1
1
1
1
49
4
1
1
1
3
1
1
1
1
1
2
1
1
1
1
1
1
1
2
3
1
1
4
1
3
1
1
1
1
1
4
2
1
2
1
1
1
1
1
2
5
1
2
12
1
1
1
1
2
1
1
1
1
1
2
1
3
6
3
1
1
1
1
1
2
4
1
1
1
1
3
9
1
1
1
7
1
1
1
3
2
2
1
21
2
1
1
3
1
1
1
1
7
1
11
1
1
1
1
1
2
1
1
1
1
1
1
2
1
1
1
1
1
1
4
6
1
1
1
2
3
8
30
34
2
1
5
2
1
3
1
7
3
1
2
17
9
1
1
2
1
2
2
3
5
1
1
2
1
1
1
9
1
8
1
1
4
4
6
2
4
2
2
1
1
5
1
1
1
1
1
1
7
1
1
15
18
1
1
1
14
1
1
5
1
5
1
1
3
1
1
1
1
17
1
1
1
1
1
1
7
1
1
1
9
1
1
1
1
1
1
4
8
10
1
1
2
2
3
1
2
1
1
1
2
1
3
1
1
2
1
2
1
1
1
1
1
2
3
1
5
1
4
1
12
1
1
1
1
9
1
2
1
1
1
5
1
2
1
1
1
1
1
1
1
6
1
3
1
2
1
1
1
1
2
1
11
2
1
1
1
1
1
1
6
1
2
1
1
2
1
1
1
2
1
2
3
1
2
1
1
11
1
1
4
2
1
5
1
1
1
3
1
1
1
1
2
1
1
1
1
4
1
2
1
1
4
1
1
1
1
4
1
1
1
1
1
3
1
1
1
1
1
2
9
2
15
2
1
1
3
1
1
1
1
1
1
1
8
1
1
1
1
3
1
1
1
17
1
15
1
2
1
1
1
6
1
1
1
1
2
1
1
2
1
1
1
1
36
1
1
3
2
4
12
1
1
1
2
1
3
1
1
1
1
4
1
2
1
52
1
1
1
1
2
1
1
6
1
1
3
2
1
1
1
1
1
1
9
1
1
2
1
2
1
41
3
1
4
13
1
1
1
2
1
1
1
1
1
1
1
10
1
1
1
1
1
2
1
9
1
2
1
1
1
3
9
1
1
1
1
1
1
1
1
2
1
1
1
1
2
1
1
5
1
6
2
2
2
1
1
1
2
1
1
2
21
11
1
3
2
44
1
1
7
1
1
2
1
1
1
1
1
1
1
1
1
2
1
2
1
5
1
1
6
3
2
2
1
7
1
1
1
1
2
1
1
1
1
1
1
2
1
14
1
1
2
7
1
1
1
1
14
1
3
7
8
1
1
5
2
1
2
1
1
1
2
1
1
1
1
2
1
1
1
4
1
4
10
2
8
1
4
3
2
1
8
1
1
5
1
1
1
1
26
1
1
1
1
2
3
1
1
2
1
3
1
1
5
1
1
1
1
2
1
5
2
1
1
1
6
1
1
4
25
1
1
1
3
1
1
5
1
2
1
1
1
3
1
1
2
2
1
1
6
1
1
1
1
1
1
1
3
2
1
1
1
1
1
1
1
2
2
1
4
1
1
1
4
1
3
1
1
1
235
136
6
1
1
2
1
1
4
1
1
1
1
1
1
1
1
1
1
2
3
1
2
4
1
1
1
1
1
1
1
1
2
1
1
1
1
1
1
4
1
1
1
1
24
1
1
14
9
1
1
1
1
1
1
1
1
1
1
1
1
1
1
38
1
6
1
2
1
1
1
12
1
1
2
9
1
1
1
1
3
1
2
1
1
1
1
1
1
1
7
1
1
2
1
1
2
1
1
2
2
1
1
1
1
1
2
1
1
1
2
1
1
1
3
2
1
1
1
2
1
2
1
1
32
2
1
1
1
1
2
1
1
1
1
1
7
3
1
1
1
1
1
1
26
3
4
1
7
1
1
1
2
1
1
1
3
2
1
2
1
1
3
119
1
1
1
2
1
3
2
1
1
1
2
18
1
2
1
3
2
1
3
1
2
1
1
1
2
2
1
1
1
1
5
1
2
1
2
3
2
1
2
1
1
1
6
2
1
1
2
1
1
1
1
1
1
1
1
1
7
19
1
54
2
1
1
1
1
1
1
1
6
1
1
1
1
6
3
2
2
1
1
1
1
1
1
1
18
1
1
1
4
1
1
1
65
3
1
1
1
1
1
1
1
1
98
6
1
1
2
2
1
1
3
11
1
2
2
1
1
1
4
1
1
1
1
1
1
1
2
6
1
1
1
2
1
1
1
1
3
1
1
1
2
1
2
1
1
1
1
1
1
1
1
1
1
4
1
21
1
1
1
1
1
3
1
1
1
26
1
1
1
10
1
1
1
1
2
1
1
1
1
1
1
1
1
4
1
1
29
2
3
1
1
2
1
1
1
4
1
1
4
3
1
1
1
1
6
3
1
1
2
3
1
5
2
2
1
1
1
1
3
1
1
1
1
8
1
3
1
6
9
1
1
1
1
1
1
1
1
1
1
1
1
1
1
1
1
1
1
5
1
1
15
3
1
1
2
1
1
1
2
1
1
2
1
1
1
5
1
1
1
1
1
1
1
23
2
1
1
1
1
1
1
1
1
1
6
3
1
1
2
1
1
1
1
13
1
1
2
1
1
1
1
2
1
1
1
1
1
1
1
1
1
582
1
1
1
1
1
12
1
1
6
1
1
1
1
1
1
1
1
1
1
2
3
1
3
1
1
2
5
1
1
1
1
1
3
1
1
1
1
1
14
1
1
1
1
5
3
1
1
1
1
1
1
1
1
3
1
2
1
1
1
1
2
3
1
1
1
3
1
4
3
1
1
1
1
1
1
1
1
1
15
1
1
1
4
3
1
1
1
1
1
1
1
1
1
2
1
4
4
4
3
1
1
1
1
1
1
1
1
1
2
1
1
1
5
1
1
1
1
1
1
1
1
4
1
4
2
1
1
1
7
1
1
1
1
1
1
2
1
1
4
1
1
1
1
1
1
1
2
10
1
1
1
2
1
1
1
1
3
1
1
2
1
3
1
1
1
1
1
1
3
2
3
1
1
1
1
1
1
1
5
2
1
5
1
1
1
2
6
2
1
2
1
1
2
1
1
1
7
2
2
1
4
2
1
2
1
13
3
2
5
1
2
1
1
1
3
1
1
1
1
1
1
1
1
1
2
11
1
1
1
1
1
1
1
4
1
1
2
4
1
55
2
1
1
1
1
1
3
1
1
1
1
1
1
3
1
1
2
1
1
2
1
1
1
1
1
6
2
1
1
2
1
1
1
1
2
1
2
1
2
1
1
2
1
4
1
7
2
3
2
1
3
1
2
10
1
11
1
2
3
1
5
1
1
1
1
1
1
2
1
2
1
4
3
1
1
1
2
1
1
1
1
2
1
1
1
10
1
2
2
1
2
1
1
1
1
1
1
3
1
1
1
1
4
71
3
1
1
1
1
1
4
26
2
1
6
1
1
1
3
1
1
1
2
