reclass
name: mapbiomas_30m_HABMAT_0090m_func_connect_pid
mapset: PERMANENT
#1
1
1
6
3
5
4
2
2
9
1
7
6
4
1
2
2
4
4
50
26
7
4
2
3
20
2
5
3
20
2
7
2
2
4
6
2
2
4
1
3
1
3
1
1
3
13
2
2
5
2
5
24
2
2
7
5
3
3
2
2
7
36
2
177
2
33
2
28
2
2
2
2
1
6
3
12
14
2
12
244
37
8
2
3
23
2
33
12
14
19
2
3
3
2
2
2
2
21
14
6
5
2
2
2
2
5
3
7
24
20
3
2
4
3
2
3
15
64
2
2
26
11
1
5
6
12
107
5
2
4
9
2
2
5
37
3
2
4
27
2
1
36
2
3
3
2
13
3
6
48
18
2
22
5
1
4
1
5
1
15
6
2
33
2
3
5
47
2
4
2
3
12
1
40
3
9
4
1
9
2
2
2
4
2
6
15
3
3
3
19
3
29
6
3
2
2
2
3
3
2
2
2
1
4
2
288
3
2
5
2
14
2
3
10
6
466
2
2
2
16
15
2
23
3
4
14
2
5
1
1
1
25
3
3
3
5
3
3
10
2
2
11
2
1
3
2
3
3
2
3
5
2
3
2
61
3
3
3
4
3
1
6
7
52
9
44
24
5
3
2
2
4
8
2
2
1
9
5
2
2
9
2
2
6
7
2
2
16
32
4
2
8
2
2
44
1178
4
19
4
4
1
2
2
1
3
3
2
3
2
26
3
2
3
3
8
2
5
2
2
2
3
4
5
3
2
8
19
24
2
58
24
2
2
2
3
11
2
5
2
6
16
2
4
21
3
2
3
16
3
1
5
2
12
2
3
2
5
4
10
3
2
2
2
12
2
2
2
3
3
2
3
2
9
7
7
1
2
5
2
3
3
2
1331
4
4
3
12
6
4
2
12
2
3
4
3
10
9
3
3
2
4
9
1
2
4
4
3
2
3
47
10
1
2
11
3
18
2
2
3
3
3
18
6
2
2
5
2
2
9
8
2
71
2
11
2
2
11
2
2
2
2
2
2
6
15
38
3
4
2
2
1
2
3
16
133
2
1
32
121
3
9
1
2
6
5
33
19
2
53
1
5
1
11
7
4
