reclass
name: mapbiomas_30m_HABMAT_0000m_func_connect_pid
mapset: PERMANENT
#1
1
1
6
3
3
1
5
4
2
2
1
6
1
1
2
2
1
1
6
5
2
1
2
11
2
2
1
1
2
1
2
1
1
1
1
1
2
1
1
1
2
1
1
1
2
2
1
1
2
3
2
4
2
1
50
1
1
1
6
1
1
1
1
1
1
12
1
2
1
2
7
1
1
1
1
3
1
2
1
1
2
2
1
1
1
1
1
1
1
1
1
1
1
2
1
4
6
3
3
6
2
2
12
7
1
2
1
2
2
1
3
1
3
3
1
1
4
2
1
2
42
5
3
1
2
1
2
4
2
2
1
1
2
7
1
1
1
1
75
1
1
7
3
1
1
1
1
2
3
1
2
1
1
7
1
2
2
3
1
1
2
3
1
2
2
3
1
5
1
2
2
5
1
1
2
2
2
2
6
4
3
1
2
11
3
1
1
1
1
5
1
1
12
2
1
1
2
1
1
3
1
2
2
3
2
4
1
5
1
2
1
2
6
1
2
1
1
1
1
1
1
1
1
2
40
2
2
1
1
1
29
30
2
1
16
1
15
1
3
12
2
3
3
1
3
2
1
1
2
1
1
11
1
1
1
9
2
1
2
2
1
1
1
1
1
1
13
1
2
3
9
1
3
3
1
5
3
1
50
7
5
1
23
59
2
2
1
3
5
1
2
10
14
5
2
3
7
13
1
44
1
1
1
2
8
1
1
1
16
1
5
4
2
1
9
2
2
1
1
1
1
1
1
1
1
6
1
11
2
2
2
1
26
2
1
21
1
1
1
2
2
23
1
11
1
3
2
1
1
2
1
2
5
1
1
3
2
3
1
1
2
1
2
1
13
1
2
1
1
1
10
2
3
15
2
1
1
2
3
14
14
4
3
5
1
2
2
2
2
5
1
3
2
1
1
6
32
5
1
1
9
1
23
1
1
1
3
3
3
1
1
3
1
2
1
3
3
2
2
1
1
1
1
3
2
1
3
2
1
1
2
1
1
1
3
1
17
2
2
2
4
13
6
1
1
1
1
2
2
4
10
3
1
1
5
3
2
1
1
1
2
5
8
2
2
1
46
6
21
5
1
1
2
2
1
2
2
8
1
6
1
4
1
1
2
1
1
4
2
1
2
2
1
3
2
2
1
1
2
1
31
2
3
6
1
1
1
2
10
1
13
1
3
25
1
8
1
1
2
3
1
1
1
2
2
2
1
2
2
1
2
1
4
1
1
1
1
23
1
1
12
4
2
1
25
1
13
3
2
1
2
3
1
2
2
2
2
2
1
3
1
12
2
2
3
2
4
3
19
2
46
2
1
7
2
2
6
1
1
1
1
2
1
1
3
1
1
2
3
1
5
1
5
1
2
1
1
2
3
1
3
5
21
1
2
1
3
15
2
1
1
2
18
1
6
5
1
8
3
2
1
1
2
2
3
3
1
1
1
1
1
1
2
1
2
1
1
1
2
1
3
5
1
2
3
1
5
13
1
1
2
1
1
3
1
1
2
2
1
3
2
5
2
2
2
1
1
1
76
8
2
1
1
1
2
1
1
1
3
1
1
1
1
1
6
1
1
12
1
5
2
3
1
33
1
16
1
2
1
1
1
2
1
1
1
2
1
1
1
3
2
2
9
2
4
1
1
1
2
3
2
6
2
1
2
4
1
1
2
1
1
1
6
86
1
1
1
1
3
1
3
1
1
2
1
3
1
19
1
15
12
1
3
1
1
32
1
1
7
16
17
6
1
3
2
6
2
2
2
1
3
3
1
2
18
1
2
2
1
1
1
2
2
4
1
2
7
1
1
15
1
2
2
15
2
13
1
3
2
3
6
2
2
1
3
1
4
2
11
1
13
1
4
1
1
1
4
1
1
9
1
2
6
1
2
1
1
13
2
2
1
8
1
1
1
2
2
2
1
8
2
1
2
1
2
4
3
1
1
1
5
1
2
1
4
1
11
1
2
1
14
2
1
2
1
1
1
1
2
1
2
1
10
1
1
1
1
1
7
1
1
278
3
7
3
2
1
3
3
2
3
2
1
3
10
1
2
1
1
1
2
2
2
5
7
2
3
2
1
3
2
1
2
1
3
1
1
403
1
1
1
3
1
1
1
1
2
2
1
1
36
1
1
1
42
1
1
3
3
1
3
1
1
2
3
1
1
1
1
1
1
7
11
1
1
1
2
2
3
1
5
1
1
4
2
1
2
2
1
1
2
1
2
2
1
2
1
2
3
1
1
1
2
2
1
3
15
2
3
4
1
1
1
1
3
2
1
2
1
1
2
4
1
5
47
1
1
2
1
1
1
1
12
43
1
2
1
1
2
1
1
2
1
3
2
1
3
1
2
8
1
1
4
1
5
1
1
2
1
1
11
166
4
1
8
2
1
4
2
2
1
1
5
1
2
4
1
2
1
1
2
1
8
1
2
1
4
1
1
1
1
1
1
1
1
2
8
1
1
1
1
1
2
1
2
8
1
1
1
1
1
7
6
2
1
2
1
2
1
97
1
2
2
2
1
1
1
1
1
15
1
1
27
1
3
3
195
1
2
2
4
1
1
1
3
1
2
1
1
12
1
10
6
1
2
2
2
3
1
2
2
8
1
3
2
1
1
1
1
1
1
1
1
1
6
1
2
10
1
1
7
1
2
1
1
1
1
3
4
1
1
1
1
3
1
3
1
5
3
1
147
1
1
1
2
2
3
1
1
2
1
4
1
6
2
5
1
6
1
3
1
2
8
2
2
2
1
1
3
2
1
2
1
1
2
1
1
14
3
1
2
1
1
3
1
1
1
12
2
1
1
3
3
8
3
2
2
2
1
1
1
3
1
1
3
1
5
2
2
2
1
1
1
1
1
1
17
1
1
5
1
2
2
1
1
1
1
1
1
4
1
2
1
1
1
2
2
2
2
1
1
1
1
1
2
1
1
4
1
1
5
1
1
2
3
2
2
4
1
1
1
2
1
1
1
6
2
1
1
13
1
1
10
2
1
2
2
1
15
1
3
4
1
1
49
2
1
1
7
1
1
2
1
9
1
1
1
2
1
1
1
2
1
1
1
2
1
1
1
1
2
1
2
3
1
11
2
1
1
1
17
1
3
2
3
1
1
6
1
2
1
9
1
8
1
1
1
1
1
4
2
1
2
1
4
1
1
1
1
2
2
1
2
2
2
1
1
2
1
1
3
1
1
1
1
1
2
1
1
2
1
2
1
1
1
2
1
1
2
1
1
2
1
1
2
18
2
1
2
1
1
2
1
2
1
1
1
3
1
1
1
1
1
1
1
1
1
1
5
1
1
1
1
1
2
1
1
1
1
1
1
1
4
2
2
2
1
1
2
1
2
1
1
4
1
1
1
2
2
9
1
1
2
1
1
1
1
2
10
1
1
2
1
3
21
1
1
1
2
1
1
1
2
1
1
1
2
1
1
1
8
1
2
1
5
3
1
1
1
2
4
2
1
10
2
1
1
1
5
2
2
1
1
1
1
2
1
1
30
1
1
1
1
1
2
7
2
16
1
1
9
1
1
1
1
1
1
2
1
11
4
1100
1
1
2
1
1
1
1
2
1
1
1
1
2
2
16
5
1
2
2
2
3
4
2
1
3
1
2
1
9
2
6
7
1
1
1
3
1
1
2
5
2
1
1
1
1
1
2
2
2
3
1
2
11
1
1
2
3
3
1
1
2
2
1
1
3
1
2
1
1
1
6
1
12
3
1
12
2
2
1
2
2
1
4
1
1
3
2
2
1
4
7
3
2
2
1
5
2
1
2
4
3
1
1
1
4
2
1
1
1
1
1
2
1
8
3
1
1
2
1
1
1
3
1
4
1
1
1
2
1
3
1
2
2
1
5
3
2
2
1
23
1
11
3
8
3
1
1
1
2
10
1
1
1
3
1
1
1
1
3
10
1
1
1
2
1
2
4
2
1
1
1
2
1
1
2
1
1
2
11
14
8
1
1
1
3
1
1
4
19
1
1
9
3
2
1
1
1
10
2
2
3
3
2
2
2
1
5
1
1
1
2
2
1
2
2
2
1
2
1
1
2
2
3
4
4
1
2
1
1
1
3
1
7
1
1
1
5
1
1
7
1
2
98
3
1
1
1
1
1
2
2
2
2
1
5
6
1
4
3
1
6
2
2
1
1
2
1
4
2
1
2
1
1
2
1
2
1
1
2
1
1
1
15
5
1
1
1
3
1
1
2
1
1
3
4
2
2
2
1
1
1
1
8
2
1
1
1
1
1
1
2
2
1
12
1
1
6
2
5
1
1
3
1
1
22
15
1
3
2
1
20
2
1
2
2
11
2
1
3
1
3
5
1
1
2
3
2
1
1
3
1
7
3
3
1
1
1
1
1
1
3
1
1
3
1
1
1
3
2
2
1
12
5
1
2
3
1
3
1
1
2
1
1
1
2
1
1
19
2
1
5
2
4
7
102
1
7
1
1
3
1
2
2
1
1
1
11
37
1
2
6
1
11
1
2
4
1
1
1
